Date,High,Low,Open,Close,Volume,Adj Close
2000-01-03,26.75,24.91666603088379,26.66666603088379,26.66666603088379,3018300.0,15.103734970092773
2000-01-04,27.0,24.16666603088379,25.375,24.66666603088379,2965600.0,13.970956802368164
2000-01-05,26.5,24.66666603088379,24.75,26.125,4059300.0,14.796941757202148
2000-01-06,27.375,25.66666603088379,26.0,27.08333396911621,2601600.0,15.33972454071045
2000-01-07,27.625,26.25,27.04166603088379,27.625,1896600.0,15.646523475646973
2000-01-10,28.41666603088379,27.25,28.0,28.08333396911621,2195500.0,15.906118392944336
2000-01-11,28.25,26.875,27.5,27.16666603088379,2090800.0,15.386927604675293
2000-01-12,27.83333396911621,26.41666603088379,27.08333396911621,26.79166603088379,1555200.0,15.17453384399414
2000-01-13,28.33333396911621,26.79166603088379,26.83333396911621,28.25,2140600.0,16.000520706176758
2000-01-14,31.33333396911621,28.45833396911621,28.5,30.25,4524000.0,17.1332950592041
2000-01-18,30.875,29.5,29.91666603088379,30.0,3027900.0,16.991708755493164
2000-01-19,30.54166603088379,29.0,30.04166603088379,30.41666603088379,1935700.0,17.22770118713379
2000-01-20,31.91666603088379,29.875,30.66666603088379,30.875,2332900.0,17.487293243408203
2000-01-21,31.25,30.25,31.25,30.54166603088379,2760400.0,17.298490524291992
2000-01-24,30.5,26.95833396911621,30.45833396911621,27.04166603088379,3122800.0,15.316134452819824
2000-01-25,28.75,26.08333396911621,27.33333396911621,28.66666603088379,9579100.0,16.236515045166016
2000-01-26,29.66666603088379,28.5,28.70833396911621,28.625,3158800.0,16.212915420532227
2000-01-27,28.79166603088379,27.41666603088379,28.75,28.70833396911621,2693500.0,16.260112762451172
2000-01-28,29.41666603088379,27.75,28.5,28.0,1881700.0,15.892139434814453
2000-01-31,29.375,28.0,28.04166603088379,29.375,2032300.0,16.67255401611328
2000-02-01,29.91666603088379,28.5,29.33333396911621,29.33333396911621,2161600.0,16.648906707763672
2000-02-02,29.45833396911621,28.33333396911621,29.33333396911621,29.16666603088379,1418800.0,16.554309844970703
2000-02-03,29.375,28.0,29.125,28.75,2057400.0,16.317819595336914
2000-02-04,29.41666603088379,28.08333396911621,29.08333396911621,28.33333396911621,1588000.0,16.081329345703125
2000-02-07,28.70833396911621,27.875,28.25,28.5,1014300.0,16.17592430114746
2000-02-08,28.95833396911621,28.08333396911621,28.79166603088379,28.41666603088379,1663300.0,16.128631591796875
2000-02-09,28.41666603088379,27.66666603088379,28.16666603088379,27.66666603088379,1832200.0,15.702945709228516
2000-02-10,29.875,27.625,27.75,29.5,1975800.0,16.74349594116211
2000-02-11,30.625,28.16666603088379,29.45833396911621,28.41666603088379,2627100.0,16.128631591796875
2000-02-14,31.41666603088379,28.41666603088379,28.66666603088379,31.0,2310700.0,17.594865798950195
2000-02-15,31.0,29.125,30.70833396911621,30.91666603088379,3150000.0,17.547561645507812
2000-02-16,30.95833396911621,30.0,30.83333396911621,30.5,1566900.0,17.311086654663086
2000-02-17,32.41666793823242,30.0,30.95833396911621,32.33333206176758,2097900.0,18.35162925720215
2000-02-18,32.08333206176758,30.33333396911621,32.04166793823242,30.41666603088379,2318100.0,17.263782501220703
2000-02-22,31.45833396911621,29.125,30.45833396911621,30.91666603088379,1938900.0,17.547561645507812
2000-02-23,33.375,30.75,30.83333396911621,32.91666793823242,2597500.0,18.682714462280273
2000-02-24,34.25,30.0,32.91666793823242,34.125,3600700.0,19.36853790283203
2000-02-25,33.83333206176758,31.125,33.83333206176758,31.70833396911621,2641600.0,17.99690055847168
2000-02-28,34.25,31.41666603088379,31.75,33.5,3538000.0,19.013797760009766
2000-02-29,33.52083206176758,32.33333206176758,33.5,33.375,2339500.0,18.942855834960938
2000-03-01,33.16666793823242,31.875,33.125,32.33333206176758,2336700.0,18.35162925720215
2000-03-02,32.33333206176758,30.875,32.0,31.91666603088379,1984800.0,18.115142822265625
2000-03-03,33.45833206176758,31.66666603088379,32.04166793823242,32.625,3367900.0,18.517179489135742
2000-03-06,33.33333206176758,32.0,32.25,33.25,1613500.0,18.871906280517578
2000-03-07,33.41666793823242,32.0,33.33333206176758,32.125,1978600.0,18.23339080810547
2000-03-08,33.16666793823242,30.79166603088379,32.125,32.625,2280300.0,18.517179489135742
2000-03-09,33.5,32.0,32.33333206176758,33.25,1756000.0,18.871906280517578
2000-03-10,34.625,33.0,33.20833206176758,33.91666793823242,1523500.0,19.250295639038086
2000-03-13,34.625,32.33333206176758,33.29166793823242,32.58333206176758,2011800.0,18.493520736694336
2000-03-14,34.0,32.41666793823242,32.58333206176758,32.54166793823242,1539300.0,18.469881057739258
2000-03-15,34.125,31.66666603088379,32.41666793823242,32.95833206176758,2088600.0,18.706369400024414
2000-03-16,33.66666793823242,30.125,33.375,31.45833396911621,5051500.0,17.85500144958496
2000-03-17,34.125,30.58333396911621,30.66666603088379,33.79166793823242,4452900.0,19.17935562133789
2000-03-20,34.58333206176758,33.16666793823242,33.375,33.375,2314500.0,18.942855834960938
2000-03-21,36.625,33.625,33.91666793823242,35.54166793823242,6167400.0,20.172607421875
2000-03-22,36.0,34.70833206176758,35.91666793823242,35.33333206176758,3449400.0,20.05436134338379
2000-03-23,35.66666793823242,34.875,35.08333206176758,35.25,2159800.0,20.007061004638672
2000-03-24,36.32291793823242,33.875,35.45833206176758,34.33333206176758,2931300.0,19.48678207397461
2000-03-27,36.25,34.20833206176758,34.29166793823242,35.16666793823242,2015400.0,19.959768295288086
2000-03-28,35.95833206176758,34.58333206176758,34.95833206176758,34.75,1834800.0,19.723278045654297
2000-03-29,36.16666793823242,34.83333206176758,34.91666793823242,35.29166793823242,2579800.0,20.030719757080078
2000-03-30,36.57291793823242,35.0,35.20833206176758,35.20833206176758,4446300.0,19.983415603637695
2000-03-31,35.75,33.83333206176758,35.5,34.91666793823242,3109800.0,19.8178768157959
2000-04-03,35.91666793823242,34.83333206176758,34.83333206176758,35.04166793823242,3810600.0,19.88882064819336
2000-04-04,35.54166793823242,31.125,35.04166793823242,34.04166793823242,7871400.0,19.321247100830078
2000-04-05,34.33333206176758,31.33333396911621,33.5,33.0,3168300.0,18.73001480102539
2000-04-06,34.08333206176758,32.29166793823242,33.29166793823242,34.0,2775100.0,19.297597885131836
2000-04-07,34.41666793823242,33.29166793823242,33.95833206176758,34.25,2421600.0,19.439485549926758
2000-04-10,34.08333206176758,31.75,34.04166793823242,32.375,2214000.0,18.375286102294922
2000-04-11,35.16666793823242,32.20833206176758,32.25,34.125,2644300.0,19.36853790283203
2000-04-12,36.29166793823242,32.91666793823242,33.04166793823242,35.20833206176758,4621000.0,19.983415603637695
2000-04-13,36.70833206176758,34.83333206176758,35.54166793823242,35.58333206176758,4144600.0,20.196258544921875
2000-04-14,36.79166793823242,31.25,35.25,31.875,4652100.0,18.091495513916016
2000-04-17,33.66666793823242,31.66666603088379,31.66666603088379,33.625,4426200.0,19.084753036499023
2000-04-18,35.33333206176758,32.66666793823242,33.70833206176758,33.45833206176758,2535600.0,18.990154266357422
2000-04-19,33.33333206176758,32.375,33.0,32.41666793823242,1999600.0,18.398929595947266
2000-04-20,34.5,32.33333206176758,32.58333206176758,33.83333206176758,3027700.0,19.2030029296875
2000-04-24,34.78125,33.25,33.52083206176758,34.70833206176758,3512100.0,19.699628829956055
2000-04-25,37.0,34.58333206176758,34.83333206176758,36.875,2857800.0,20.92938232421875
2000-04-26,36.66666793823242,34.02083206176758,36.66666793823242,34.58333206176758,3269400.0,19.62868309020996
2000-04-27,36.16666793823242,33.66666793823242,34.08333206176758,35.41666793823242,2113000.0,20.136594772338867
2000-04-28,35.45833206176758,33.33333206176758,35.45833206176758,35.08333206176758,2823000.0,19.94707489013672
2000-05-01,35.41666793823242,33.25,35.29166793823242,33.48958206176758,3375600.0,19.040924072265625
2000-05-02,33.83333206176758,31.41666603088379,33.83333206176758,31.54166603088379,3670600.0,17.933414459228516
2000-05-03,38.25,29.29166603088379,31.66666603088379,31.95833396911621,4966500.0,18.170316696166992
2000-05-04,32.33333206176758,30.0,32.08333206176758,30.16666603088379,2230500.0,17.15163803100586
2000-05-05,32.33333206176758,30.0,30.29166603088379,31.58333396911621,2445100.0,17.95709991455078
2000-05-08,31.41666603088379,30.04166603088379,31.33333396911621,30.41666603088379,1657900.0,17.293781280517578
2000-05-09,31.29166603088379,29.91666603088379,30.875,30.04166603088379,1862800.0,17.080562591552734
2000-05-10,31.33333396911621,29.5,30.0,29.54166603088379,1767000.0,16.79628562927246
2000-05-11,32.66666793823242,30.0,30.83333396911621,32.375,1996500.0,18.4072208404541
2000-05-12,32.75,31.04166603088379,32.54166793823242,31.58333396911621,1440300.0,17.95709991455078
2000-05-15,32.33333206176758,30.75,31.45833396911621,32.0,1131600.0,18.19400405883789
2000-05-16,32.70833206176758,31.375,32.25,32.16666793823242,1885900.0,18.288768768310547
2000-05-17,32.625,31.125,32.625,31.41666603088379,1259400.0,17.86234474182129
2000-05-18,32.16666793823242,30.41666603088379,31.58333396911621,30.75,1490800.0,17.48330307006836
2000-05-19,31.33333396911621,30.0,30.08333396911621,30.16666603088379,1481500.0,17.15163803100586
2000-05-22,31.04166603088379,28.66666603088379,30.375,30.625,3205800.0,17.412227630615234
2000-05-23,32.0,30.3125,31.5,30.9375,2455800.0,17.589908599853516
2000-05-24,34.0,31.0,31.4375,33.125,3391300.0,18.83364486694336
2000-05-25,34.75,32.8125,32.875,33.25,2885300.0,18.90470314025879
2000-05-26,34.875,33.375,33.6875,34.5,2412900.0,19.615406036376953
2000-05-30,35.75,34.5,34.875,35.6875,3020200.0,20.29057502746582
2000-05-31,36.25,34.6875,35.625,35.0,1669500.0,19.899688720703125
2000-06-01,40.375,35.0,35.1875,40.0,4515600.0,22.74251365661621
2000-06-02,40.5,36.5,39.8125,38.0,3108900.0,21.605382919311523
2000-06-05,39.6875,36.875,37.875,37.8125,1736000.0,21.498781204223633
2000-06-06,38.4375,35.9375,38.25,36.25,1863100.0,20.61039924621582
2000-06-07,37.75,35.625,36.09375,37.6875,1310300.0,21.42770004272461
2000-06-08,37.25,35.625,37.25,36.125,1191400.0,20.539331436157227
2000-06-09,37.4375,36.25,36.9375,37.3125,1157000.0,21.214496612548828
2000-06-12,37.625,35.4375,35.75,36.125,1436600.0,20.539331436157227
2000-06-13,37.625,35.75,36.1875,37.5625,1651400.0,21.35663604736328
2000-06-14,39.171875,37.25,37.5625,38.5625,2310200.0,21.925199508666992
2000-06-15,40.4375,37.0625,38.4375,40.0,3056600.0,22.74251365661621
2000-06-16,43.25,39.828125,40.3125,42.0625,5902600.0,23.915180206298828
2000-06-19,43.375,39.25,41.25,42.625,2646900.0,24.234975814819336
2000-06-20,43.9375,41.25,42.0625,42.0,1705800.0,23.879638671875
2000-06-21,44.25,40.5625,40.59375,43.0625,2289300.0,24.483732223510742
2000-06-22,43.0,39.25,42.6875,40.0625,3024600.0,22.77804946899414
2000-06-23,39.1875,36.75,39.1875,37.8125,3006300.0,21.498781204223633
2000-06-26,40.5,38.0625,39.0,40.4375,2031500.0,22.99125862121582
2000-06-27,42.0,40.5625,40.5625,41.4375,2269700.0,23.559816360473633
2000-06-28,42.0,40.6875,41.53125,41.6875,1866600.0,23.70195770263672
2000-06-29,40.75,39.0,40.5625,39.125,2324600.0,22.245019912719727
2000-06-30,42.0,39.5,39.5625,42.0,2408500.0,23.879638671875
2000-07-03,42.25,41.25,41.3125,41.5625,609400.0,23.630878448486328
2000-07-05,41.9375,40.125,41.625,40.6875,1482000.0,23.133392333984375
2000-07-06,42.0625,40.6875,40.875,42.0625,2212100.0,23.915180206298828
2000-07-07,42.9375,41.625,42.0625,41.75,2000400.0,23.737485885620117
2000-07-10,42.75,41.5625,41.625,41.625,1443300.0,23.66642189025879
2000-07-11,43.625,42.25,42.375,42.875,1855200.0,24.377132415771484
2000-07-12,44.0,42.875,43.4375,43.5625,2251200.0,24.768028259277344
2000-07-13,43.625,41.75,43.5,42.6875,2445200.0,24.270517349243164
2000-07-14,43.0,41.5625,42.6875,42.625,1699300.0,24.234975814819336
2000-07-17,42.625,41.5,42.625,41.5625,1630300.0,23.630878448486328
2000-07-18,42.4375,41.5,41.9375,41.875,1253800.0,23.808561325073242
2000-07-19,42.75,41.8125,41.96875,42.0625,812300.0,23.915180206298828
2000-07-20,43.5625,42.0625,42.25,43.3125,1359400.0,24.625873565673828
2000-07-21,45.4375,42.3125,42.8125,43.25,2898800.0,24.59033966064453
2000-07-24,45.625,43.640625,43.75,45.0625,1947600.0,25.62086296081543
2000-07-25,45.625,43.75,45.0625,44.0,1742200.0,25.016761779785156
2000-07-26,46.1875,43.375,43.875,44.875,2401000.0,25.514253616333008
2000-07-27,46.125,44.5,45.25,44.6875,1291600.0,25.40764617919922
2000-07-28,45.8125,43.0625,45.125,43.25,1296600.0,24.623401641845703
2000-07-31,45.875,43.25,43.8125,45.75,2106000.0,26.04671859741211
2000-08-01,45.9375,44.5,45.375,44.9375,1664400.0,25.58413314819336
2000-08-02,46.3125,43.6875,45.5625,43.8125,1234600.0,24.94364356994629
2000-08-03,45.40625,43.5625,44.125,45.0625,2142600.0,25.655309677124023
2000-08-04,45.875,44.5,45.4375,45.625,1320800.0,25.975547790527344
2000-08-07,47.625,45.0,45.75,46.9375,1828400.0,26.72279930114746
2000-08-08,46.875,45.5625,46.375,46.125,1432300.0,26.260204315185547
2000-08-09,47.25,46.0,46.4375,46.5,1059600.0,26.47371482849121
2000-08-10,46.875,45.0,46.875,45.0,2337300.0,25.619720458984375
2000-08-11,46.75,44.5,45.25,45.0625,2366300.0,25.655309677124023
2000-08-14,44.6875,43.375,44.3125,44.6875,1712500.0,25.441804885864258
2000-08-15,45.0,43.25,44.4375,44.375,1061100.0,25.263883590698242
2000-08-16,45.0,43.5,44.3125,43.75,894800.0,24.908048629760742
2000-08-17,45.0,43.5625,43.671875,44.6875,1177300.0,25.441804885864258
2000-08-18,44.75,43.0625,44.625,44.1875,1372400.0,25.15713119506836
2000-08-21,45.25,43.6875,44.1875,44.75,1257200.0,25.477384567260742
2000-08-22,46.0625,44.5,44.53125,45.4375,1278300.0,25.868799209594727
2000-08-23,45.5,44.0625,45.5,44.5625,1747000.0,25.370634078979492
2000-08-24,44.71875,43.25,44.6875,44.125,1131900.0,25.12156105041504
2000-08-25,44.375,42.4375,43.96875,42.875,1414700.0,24.40990447998047
2000-08-28,43.0,39.9375,43.0,40.0625,3061900.0,22.808670043945312
2000-08-29,42.125,39.875,41.0,41.4375,2553700.0,23.591487884521484
2000-08-30,44.0,40.375,40.5625,43.9375,3383400.0,25.014808654785156
2000-08-31,45.1875,43.625,44.0625,44.625,2293000.0,25.40622329711914
2000-09-01,45.375,43.0,45.0625,43.75,1100200.0,24.908048629760742
2000-09-05,44.375,43.5,43.75,43.5,845900.0,24.76573371887207
2000-09-06,44.5,42.75,43.5625,42.8125,1091000.0,24.374313354492188
2000-09-07,43.5625,42.375,43.25,42.75,1210600.0,24.338735580444336
2000-09-08,42.3125,40.5,42.1875,41.625,1350900.0,23.6982421875
2000-09-11,42.75,41.25,41.5,41.75,1173800.0,23.76940155029297
2000-09-12,43.8125,41.625,41.6875,43.0625,1288800.0,24.516653060913086
2000-09-13,44.5625,42.75,42.8125,43.6875,1339600.0,24.872482299804688
2000-09-14,44.1875,42.5,43.8125,42.9375,918900.0,24.445480346679688
2000-09-15,44.8125,42.6875,42.9375,44.125,3058900.0,25.12156105041504
2000-09-18,45.0,42.625,44.125,43.1875,1388200.0,24.587812423706055
2000-09-19,45.0,43.5,43.75,44.8125,1018700.0,25.512968063354492
2000-09-20,45.0,43.0,44.75,43.5625,1922300.0,24.80132484436035
2000-09-21,46.703125,43.6875,43.71875,46.5,2719500.0,26.47371482849121
2000-09-22,47.5,45.0,45.25,47.0,1959100.0,26.758380889892578
2000-09-25,49.375,46.75,47.125,48.5625,3012500.0,27.64794921875
2000-09-26,52.125,48.1875,48.6875,51.4375,2873300.0,29.28476333618164
2000-09-27,53.5625,50.25,51.171875,53.375,3201200.0,30.387834548950195
2000-09-28,55.9375,51.875,53.671875,52.4375,3562200.0,29.85408592224121
2000-09-29,54.4375,50.625,52.4375,52.5,2052800.0,29.88967514038086
2000-10-02,52.875,51.1875,52.875,51.625,2852600.0,29.391515731811523
2000-10-03,53.75,51.0,52.0,51.125,1581400.0,29.10684585571289
2000-10-04,52.125,51.125,51.6875,51.6875,2564600.0,29.42709732055664
2000-10-05,52.5625,50.75,51.5625,51.4375,2585500.0,29.28476333618164
2000-10-06,52.375,50.375,51.84375,50.9375,2242000.0,29.00010108947754
2000-10-09,52.75,51.0,51.0625,51.375,1704700.0,29.249187469482422
2000-10-10,51.5625,49.25,51.5625,49.5625,2685000.0,28.21727752685547
2000-10-11,50.5625,48.25,49.0625,49.75,3272300.0,28.32402801513672
2000-10-12,50.25,47.75,50.25,48.4375,3116100.0,27.57677459716797
2000-10-13,49.5,47.25,48.5625,47.875,3020300.0,27.25653648376465
2000-10-16,51.75,47.625,48.5,50.8125,2757000.0,28.928932189941406
2000-10-17,51.875,49.375,51.4375,50.625,1295900.0,28.822185516357422
2000-10-18,51.359375,48.5625,49.5625,49.5,2114900.0,28.181684494018555
2000-10-19,51.375,48.75,50.375,50.625,2237900.0,28.822185516357422
2000-10-20,51.8125,49.8125,51.0,50.0,2357300.0,28.46634864807129
2000-10-23,50.6875,49.625,50.5,49.8125,1789100.0,28.359600067138672
2000-10-24,54.4375,50.375,50.625,53.0,2598400.0,30.17433738708496
2000-10-25,55.0,52.25,53.25,54.8125,2482000.0,31.20624351501465
2000-10-26,55.625,50.0,54.25,51.25,3850000.0,29.178014755249023
2000-10-27,54.6875,51.375,51.4375,53.6875,2223200.0,30.565744400024414
2000-10-30,59.4375,53.875,53.9375,58.25,3961000.0,33.218990325927734
2000-10-31,61.0,54.4375,58.4375,56.6875,4126900.0,32.32793426513672
2000-11-01,56.0,53.0625,55.5625,53.9375,2518600.0,30.759632110595703
2000-11-02,56.4375,54.125,54.25,55.9375,3364100.0,31.90020751953125
2000-11-03,56.75,54.8125,56.5625,55.0625,1797300.0,31.401222229003906
2000-11-06,55.75,54.125,55.1875,54.75,1368500.0,31.223005294799805
2000-11-07,56.4375,53.5625,54.8125,56.25,2963000.0,32.07842254638672
2000-11-08,56.8125,53.75,56.3125,53.9375,1314800.0,30.759632110595703
2000-11-09,55.375,53.5,53.8125,55.125,1450000.0,31.43684959411621
2000-11-10,57.3125,55.0,55.1875,55.1875,2275000.0,31.472503662109375
2000-11-13,58.5,54.75,55.0,56.6875,2225700.0,32.32793426513672
2000-11-14,58.0625,55.5,57.4375,56.6875,2027400.0,32.32793426513672
2000-11-15,57.5625,55.5,56.75,57.1875,1439500.0,32.613067626953125
2000-11-16,58.3125,56.625,57.0,57.3125,1214700.0,32.68435287475586
2000-11-17,58.6875,54.8125,57.3125,55.9375,2289300.0,31.90020751953125
2000-11-20,59.5,55.75,55.875,59.4375,2832300.0,33.89619445800781
2000-11-21,61.25,57.625,59.5625,59.6875,3710800.0,34.038780212402344
2000-11-22,60.25,57.625,58.75,57.875,1954500.0,33.00513458251953
2000-11-24,59.0625,58.25,58.75,58.9375,497100.0,33.61106491088867
2000-11-27,60.0,58.3125,59.25,58.75,1607800.0,33.50413131713867
2000-11-28,59.125,57.25,58.53125,57.40625,2473300.0,32.737823486328125
2000-11-29,59.75,57.3125,57.625,59.375,2736400.0,33.860557556152344
2000-11-30,59.875,56.0,58.5625,58.125,5161500.0,33.147708892822266
2000-12-01,58.625,51.375,58.625,52.5625,5696000.0,29.975513458251953
2000-12-04,51.0,44.875,50.9375,46.5625,10131900.0,26.55380630493164
2000-12-05,49.0625,43.25,46.8125,44.125,7840400.0,25.163738250732422
2000-12-06,46.75,43.5,44.0,43.75,4732100.0,24.949880599975586
2000-12-07,47.25,43.25,43.5625,44.875,4164500.0,25.591453552246094
2000-12-08,48.5,45.75,46.5,46.875,2545100.0,26.732019424438477
2000-12-11,45.375,41.75,44.8125,43.6875,5581600.0,24.91423988342285
2000-12-12,44.0,42.0,44.0,42.1875,3556800.0,24.058820724487305
2000-12-13,45.75,41.875,43.6875,43.125,2142900.0,24.59345817565918
2000-12-14,45.25,41.25,42.875,41.25,1829400.0,23.524179458618164
2000-12-15,40.6875,36.75,40.0,39.0,10793500.0,22.241043090820312
2000-12-18,42.0625,39.375,39.9375,40.8125,3372600.0,23.274673461914062
2000-12-19,43.9375,41.125,41.5625,41.875,2710600.0,23.88060188293457
2000-12-20,44.25,41.25,42.0,42.0625,3010900.0,23.987537384033203
2000-12-21,49.5625,42.0,42.3125,46.875,3463300.0,26.732019424438477
2000-12-22,50.75,48.0,48.25,50.5625,3185000.0,28.834938049316406
2000-12-26,51.8125,49.75,49.8125,50.5625,1585600.0,28.834938049316406
2000-12-27,52.8125,50.875,51.5,51.0625,2278000.0,29.120086669921875
2000-12-28,51.6875,49.375,50.3125,50.875,1536000.0,29.013147354125977
2000-12-29,51.75,48.5625,50.9375,48.625,2053500.0,27.730005264282227
2001-01-02,50.4375,44.9375,49.6875,45.6875,2479000.0,26.0548038482666
2001-01-03,51.0,45.9375,46.0,48.625,3962500.0,27.730005264282227
2001-01-04,48.5,45.0625,48.375,45.3125,4773400.0,25.840957641601562
2001-01-05,48.5,43.875,45.5625,44.6875,3120600.0,25.484527587890625
2001-01-08,47.75,44.8125,44.9375,46.4375,2379100.0,26.48251724243164
2001-01-09,50.25,46.625,47.0,48.5625,2602500.0,27.694372177124023
2001-01-10,48.0,45.0,47.21875,47.375,2972700.0,27.017162322998047
2001-01-11,49.0,47.25,48.0,47.9375,1397700.0,27.337934494018555
2001-01-12,48.9375,46.625,48.1875,48.5,2022200.0,27.65873908996582
2001-01-16,48.875,46.75,48.375,47.375,1614600.0,27.017162322998047
2001-01-17,49.5,47.5,48.5,47.75,1762100.0,27.231019973754883
2001-01-18,49.25,47.5,47.984375,48.625,2002000.0,27.730005264282227
2001-01-19,48.5,46.0625,48.5,46.5,2241100.0,26.51816177368164
2001-01-22,46.5,44.9375,46.1875,45.75,2539300.0,26.0904483795166
2001-01-23,46.875,45.0625,46.0,46.5,1923100.0,26.51816177368164
2001-01-24,46.875,44.9375,46.75,45.5625,2874100.0,25.983522415161133
2001-01-25,46.0625,44.1875,45.6875,44.5,2897100.0,25.37759780883789
2001-01-26,46.5,44.25,44.75,45.6875,1788300.0,26.0548038482666
2001-01-29,46.375,45.25,45.75,45.875,1426400.0,26.161733627319336
2001-01-30,46.125,44.375,46.109375,45.25,1487000.0,25.856033325195312
2001-01-31,45.625,44.125,45.375,45.125,1823700.0,25.784603118896484
2001-02-01,45.125,41.3125,45.125,41.4375,5388600.0,23.67755889892578
2001-02-02,42.25,39.375,42.125,39.625,5999300.0,22.641891479492188
2001-02-05,40.6875,39.375,40.0625,39.875,4216600.0,22.784732818603516
2001-02-06,42.75,39.5625,40.0,40.75,2857600.0,23.28472900390625
2001-02-07,42.5,40.75,40.875,42.125,2338200.0,24.07040023803711
2001-02-08,43.25,40.8125,42.75,41.625,1575700.0,23.784700393676758
2001-02-09,43.0625,41.0,41.234375,42.25,2350100.0,24.141822814941406
2001-02-12,43.5,41.375,42.609375,43.0625,1585500.0,24.606082916259766
2001-02-13,43.8125,41.125,43.625,41.25,1430100.0,23.57042121887207
2001-02-14,43.375,40.5,41.609375,43.3125,2096100.0,24.748939514160156
2001-02-15,43.5,42.0,43.375,42.75,1908000.0,24.427532196044922
2001-02-16,42.25,40.4375,41.0625,41.625,2091300.0,23.784700393676758
2001-02-20,42.75,41.0625,41.5625,41.6875,2739100.0,23.820402145385742
2001-02-21,44.25,41.5,41.5,42.1875,2378000.0,24.106111526489258
2001-02-22,44.4375,42.25,42.3125,44.0625,3446600.0,25.177490234375
2001-02-23,45.0,42.0,43.765625,43.625,3277200.0,24.927505493164062
2001-02-26,44.125,41.0625,43.8125,42.875,2269500.0,24.498952865600586
2001-02-27,42.9375,40.71875,42.9375,41.25,2360900.0,23.57042121887207
2001-02-28,42.75,39.8125,41.4375,39.9375,4209600.0,22.820453643798828
2001-03-01,40.25,37.0,40.25,39.4375,5543600.0,22.534744262695312
2001-03-02,40.6875,38.5,38.6875,39.0,3068900.0,22.284759521484375
2001-03-05,40.8125,38.3125,38.8125,39.8125,1468700.0,22.74903106689453
2001-03-06,41.8125,40.0625,40.5625,40.8125,2031300.0,23.32042694091797
2001-03-07,41.5,40.0,41.1875,40.6875,1320100.0,23.24900245666504
2001-03-08,41.0,39.625,41.0,40.0625,1488500.0,22.891876220703125
2001-03-09,40.0625,38.125,40.0,38.875,1611200.0,22.21334457397461
2001-03-12,38.5625,34.5,38.4375,35.125,4011000.0,20.070560455322266
2001-03-13,38.375,34.765625,36.0,36.625,4114200.0,20.92767906188965
2001-03-14,36.5,33.6875,34.9375,35.6875,3105100.0,20.391990661621094
2001-03-15,37.1875,35.0,36.625,35.0625,2628100.0,20.03485679626465
2001-03-16,35.125,32.875,33.4375,33.765625,5122800.0,19.293819427490234
2001-03-19,36.9375,33.875,34.9375,36.375,5562700.0,20.784826278686523
2001-03-20,37.1875,34.125,36.9375,34.3125,3580100.0,19.606298446655273
2001-03-21,36.8125,33.375,33.875,36.375,5344500.0,20.784826278686523
2001-03-22,38.5,36.5625,36.6875,38.25,6989900.0,21.856218338012695
2001-03-23,39.3125,37.625,39.0625,38.375,4638600.0,21.927627563476562
2001-03-26,39.125,37.75,38.6875,37.9375,2167600.0,21.677637100219727
2001-03-27,38.625,37.0,38.5,38.3125,2571700.0,21.891923904418945
2001-03-28,40.0,38.0,38.25,38.4375,2756100.0,21.96334457397461
2001-03-29,38.875,37.0,38.1875,37.625,2840400.0,21.499082565307617
2001-03-30,38.375,36.4375,38.25,37.0625,2889800.0,21.177654266357422
2001-04-02,38.125,36.25,37.5,37.125,2799700.0,21.21336555480957
2001-04-03,37.3125,35.4375,36.25,35.5,3312200.0,20.28484344482422
2001-04-04,37.0,35.25,35.625,36.75,2217900.0,20.999101638793945
2001-04-05,37.5,35.375,37.25,36.75,3615100.0,20.999101638793945
2001-04-06,36.5625,35.5,36.125,36.1875,2656700.0,20.677690505981445
2001-04-09,37.939998626708984,36.099998474121094,36.13999938964844,37.90999984741211,2268900.0,21.66193199157715
2001-04-10,40.0,37.63999938964844,38.43000030517578,38.599998474121094,2435900.0,22.05620574951172
2001-04-11,39.15999984741211,35.0,39.02000045776367,37.38999938964844,5071800.0,21.364797592163086
2001-04-12,37.400001525878906,34.11000061035156,36.65999984741211,34.11000061035156,5164700.0,19.4905948638916
2001-04-16,36.599998474121094,34.11000061035156,34.45000076293945,35.04999923706055,3529800.0,20.027711868286133
2001-04-17,36.459999084472656,34.25,34.900001525878906,36.060001373291016,2865100.0,20.60483169555664
2001-04-18,39.5,35.77000045776367,36.349998474121094,37.869998931884766,3898300.0,21.639060974121094
2001-04-19,38.25,35.400001525878906,37.790000915527344,36.849998474121094,3514800.0,21.056243896484375
2001-04-20,36.400001525878906,34.79999923706055,35.5,36.0,3396100.0,20.570545196533203
2001-04-23,36.189998626708984,34.45000076293945,35.77000045776367,34.5,2736600.0,19.713438034057617
2001-04-24,35.75,34.0,34.91999816894531,34.0,2450200.0,19.427738189697266
2001-04-25,36.79999923706055,34.34000015258789,34.400001525878906,36.5,3021900.0,20.85626220703125
2001-04-26,36.5,34.400001525878906,36.45000076293945,34.45000076293945,2780800.0,19.684873580932617
2001-04-27,35.95000076293945,33.790000915527344,34.97999954223633,34.040000915527344,4022600.0,19.50153923034668
2001-04-30,35.400001525878906,33.79999923706055,35.349998474121094,34.560001373291016,3552000.0,19.799455642700195
2001-05-01,35.099998474121094,33.279998779296875,35.08000183105469,33.54999923706055,4257700.0,19.220827102661133
2001-05-02,34.150001525878906,31.450000762939453,34.130001068115234,32.529998779296875,6991800.0,18.636459350585938
2001-05-03,32.619998931884766,30.950000762939453,32.599998474121094,31.440000534057617,8353600.0,18.012006759643555
2001-05-04,34.04999923706055,30.610000610351562,30.90999984741211,33.25,6358200.0,19.0489501953125
2001-05-07,34.5,33.2400016784668,33.79999923706055,33.5099983215332,3096700.0,19.19791030883789
2001-05-08,34.5,33.2599983215332,33.709999084472656,34.5,3533500.0,19.765073776245117
2001-05-09,35.470001220703125,33.95000076293945,34.22999954223633,34.7599983215332,2790900.0,19.91402816772461
2001-05-10,35.849998474121094,34.83000183105469,35.290000915527344,35.36000061035156,3390900.0,20.257776260375977
2001-05-11,36.22999954223633,34.939998626708984,35.119998931884766,35.790000915527344,3370900.0,20.50411605834961
2001-05-14,36.209999084472656,35.54999923706055,36.0,36.189998626708984,2236800.0,20.733280181884766
2001-05-15,37.900001525878906,35.91999816894531,35.939998626708984,36.939998626708984,3393900.0,21.162954330444336
2001-05-16,39.5099983215332,36.540000915527344,36.68000030517578,38.900001525878906,4455000.0,22.285844802856445
2001-05-17,39.33000183105469,37.5,38.619998931884766,38.459999084472656,3535700.0,22.033763885498047
2001-05-18,39.0,37.34000015258789,38.5099983215332,38.63999938964844,1835700.0,22.136882781982422
2001-05-21,40.86000061035156,38.36000061035156,38.650001525878906,40.790000915527344,2754100.0,23.368627548217773
2001-05-22,42.849998474121094,39.79999923706055,41.0,42.7599983215332,3859800.0,24.497234344482422
2001-05-23,42.25,39.66999816894531,41.900001525878906,39.75,3060700.0,22.772804260253906
2001-05-24,40.779998779296875,39.349998474121094,39.5099983215332,40.7599983215332,1774600.0,23.3514404296875
2001-05-25,41.0,39.560001373291016,40.790000915527344,40.41999816894531,1665600.0,23.156644821166992
2001-05-29,41.2599983215332,39.7599983215332,40.529998779296875,39.95000076293945,1743700.0,22.88738441467285
2001-05-30,40.650001525878906,39.02000045776367,39.25,39.40999984741211,2316000.0,22.578020095825195
2001-05-31,40.08000183105469,38.29999923706055,39.70000076293945,38.43000030517578,2761100.0,22.01657485961914
2001-06-01,40.25,37.70000076293945,38.790000915527344,40.13999938964844,3971200.0,22.996246337890625
2001-06-04,40.599998474121094,39.189998626708984,40.25,39.810001373291016,1770100.0,22.807174682617188
2001-06-05,40.709999084472656,39.25,39.91999816894531,39.9900016784668,2555100.0,22.910306930541992
2001-06-06,40.150001525878906,38.5,39.959999084472656,38.790000915527344,2668500.0,22.222822189331055
2001-06-07,39.43000030517578,38.150001525878906,38.790000915527344,39.34000015258789,1784800.0,22.537925720214844
2001-06-08,39.650001525878906,38.349998474121094,39.599998474121094,38.880001068115234,1586500.0,22.27438735961914
2001-06-11,39.310001373291016,37.880001068115234,38.880001068115234,37.90999984741211,1987500.0,21.718673706054688
2001-06-12,38.0,36.959999084472656,37.939998626708984,37.720001220703125,2642900.0,21.60981559753418
2001-06-13,38.5,36.400001525878906,37.79999923706055,36.560001373291016,4279100.0,20.945255279541016
2001-06-14,37.22999954223633,36.06999969482422,36.349998474121094,36.400001525878906,2608100.0,20.85358428955078
2001-06-15,37.5,35.900001525878906,36.36000061035156,36.70000076293945,3480200.0,21.025461196899414
2001-06-18,38.61000061035156,36.599998474121094,36.599998474121094,37.220001220703125,2104900.0,21.3233642578125
2001-06-19,39.04999923706055,37.04999923706055,37.599998474121094,37.599998474121094,3004100.0,21.541072845458984
2001-06-20,38.65999984741211,37.58000183105469,37.75,38.119998931884766,2793700.0,21.83898162841797
2001-06-21,39.09000015258789,37.93000030517578,38.189998626708984,38.290000915527344,2562600.0,21.936382293701172
2001-06-22,38.599998474121094,36.31999969482422,38.310001373291016,36.970001220703125,6228300.0,21.180152893066406
2001-06-25,38.310001373291016,35.900001525878906,38.20000076293945,36.709999084472656,6811600.0,21.03118896484375
2001-06-26,38.61000061035156,36.599998474121094,37.029998779296875,38.099998474121094,5941300.0,21.827516555786133
2001-06-27,38.43000030517578,37.63999938964844,38.33000183105469,38.04999923706055,3736900.0,21.798879623413086
2001-06-28,41.369998931884766,38.40999984741211,38.43000030517578,40.689998626708984,3932000.0,23.311328887939453
2001-06-29,42.0,39.25,40.65999984741211,40.0,3036000.0,22.916025161743164
2001-07-02,41.61000061035156,40.0099983215332,41.130001068115234,40.79999923706055,1871000.0,23.374353408813477
2001-07-03,40.90999984741211,39.54999923706055,40.41999816894531,40.45000076293945,1319600.0,23.173830032348633
2001-07-05,40.709999084472656,39.45000076293945,40.0099983215332,39.77000045776367,1314000.0,22.784259796142578
2001-07-06,39.95000076293945,38.63999938964844,39.619998931884766,39.08000183105469,1599500.0,22.388965606689453
2001-07-09,39.599998474121094,38.79999923706055,39.5,39.58000183105469,2629900.0,22.67540168762207
2001-07-10,39.849998474121094,38.0,39.81999969482422,38.459999084472656,2148000.0,22.033763885498047
2001-07-11,39.54999923706055,38.119998931884766,38.43000030517578,38.79999923706055,2633200.0,22.22854995727539
2001-07-12,40.90999984741211,39.040000915527344,39.119998931884766,40.86000061035156,2256100.0,23.40872573852539
2001-07-13,41.7400016784668,40.38999938964844,40.45000076293945,41.400001525878906,4405800.0,23.71809196472168
2001-07-16,41.86000061035156,40.619998931884766,41.18000030517578,41.209999084472656,3179700.0,23.60923957824707
2001-07-17,41.54999923706055,40.75,41.13999938964844,41.470001220703125,2798700.0,23.758193969726562
2001-07-18,42.75,41.099998474121094,41.2400016784668,41.7400016784668,3672100.0,23.912879943847656
2001-07-19,43.4900016784668,41.25,42.2400016784668,42.0,2470500.0,24.061830520629883
2001-07-20,42.20000076293945,40.9900016784668,41.79999923706055,41.0,1859500.0,23.488933563232422
2001-07-23,41.25,39.22999954223633,40.70000076293945,39.29999923706055,2014300.0,22.514995574951172
2001-07-24,40.45000076293945,38.959999084472656,39.34000015258789,39.29999923706055,3522800.0,22.514995574951172
2001-07-25,40.20000076293945,38.09000015258789,39.619998931884766,39.040000915527344,3917900.0,22.366052627563477
2001-07-26,39.439998626708984,37.75,38.939998626708984,39.400001525878906,2914600.0,22.572294235229492
2001-07-27,39.45000076293945,37.849998474121094,39.27000045776367,38.790000915527344,3577200.0,22.222822189331055
2001-07-30,39.20000076293945,38.20000076293945,39.15999984741211,38.58000183105469,1567200.0,22.15391731262207
2001-07-31,39.81999969482422,38.650001525878906,38.849998474121094,39.29999923706055,2298900.0,22.56736183166504
2001-08-01,39.65999984741211,38.5,39.560001373291016,39.09000015258789,1647900.0,22.44676971435547
2001-08-02,39.599998474121094,38.34000015258789,39.27000045776367,39.0,1775400.0,22.395090103149414
2001-08-03,39.25,37.290000915527344,39.2400016784668,37.7400016784668,3550100.0,21.671558380126953
2001-08-06,38.22999954223633,37.38999938964844,37.45000076293945,38.09000015258789,1253500.0,21.872533798217773
2001-08-07,38.599998474121094,37.83000183105469,38.0099983215332,38.5,3626400.0,22.10797119140625
2001-08-08,39.529998779296875,38.0099983215332,38.060001373291016,38.5099983215332,2316400.0,22.113718032836914
2001-08-09,39.16999816894531,37.91999816894531,38.40999984741211,39.040000915527344,1747600.0,22.418071746826172
2001-08-10,39.43000030517578,38.0,39.060001373291016,39.119998931884766,1525300.0,22.46400260925293
2001-08-13,39.849998474121094,38.560001373291016,39.150001525878906,39.849998474121094,2361000.0,22.8831787109375
2001-08-14,40.189998626708984,38.900001525878906,40.04999923706055,39.130001068115234,1946200.0,22.469738006591797
2001-08-15,39.84000015258789,38.810001373291016,39.38999938964844,38.86000061035156,1422800.0,22.314699172973633
2001-08-16,39.630001068115234,38.650001525878906,38.9900016784668,39.540000915527344,1737400.0,22.705175399780273
2001-08-17,39.43000030517578,38.5,39.0099983215332,38.5099983215332,1031000.0,22.113718032836914
2001-08-20,39.36000061035156,38.54999923706055,38.88999938964844,39.13999938964844,1301700.0,22.47548484802246
2001-08-21,39.7400016784668,38.2400016784668,39.209999084472656,38.349998474121094,1228000.0,22.02182960510254
2001-08-22,38.849998474121094,38.0,38.599998474121094,38.599998474121094,2035800.0,22.165403366088867
2001-08-23,38.93000030517578,37.900001525878906,38.470001220703125,38.209999084472656,1606100.0,21.941452026367188
2001-08-24,39.720001220703125,38.279998779296875,38.70000076293945,39.47999954223633,1665400.0,22.670717239379883
2001-08-27,39.900001525878906,39.0099983215332,39.54999923706055,39.18000030517578,1623100.0,22.49844741821289
2001-08-28,39.38999938964844,38.099998474121094,39.38999938964844,38.20000076293945,1795900.0,21.935707092285156
2001-08-29,38.72999954223633,37.849998474121094,38.220001220703125,37.93000030517578,2027300.0,21.780664443969727
2001-08-30,38.47999954223633,36.7599983215332,37.84000015258789,37.13999938964844,2532400.0,21.327011108398438
2001-08-31,38.060001373291016,36.619998931884766,36.95000076293945,37.06999969482422,1899000.0,21.28681182861328
2001-09-04,37.45000076293945,36.29999923706055,37.310001373291016,36.29999923706055,2295200.0,20.844663619995117
2001-09-05,36.33000183105469,33.79999923706055,36.25,35.02000045776367,4303700.0,20.109649658203125
2001-09-06,34.97999954223633,32.119998931884766,34.81999969482422,32.29999923706055,8476600.0,18.547731399536133
2001-09-07,33.130001068115234,30.920000076293945,31.940000534057617,31.18000030517578,5166000.0,17.90459442138672
2001-09-10,32.45000076293945,30.739999771118164,30.760000228881836,31.56999969482422,4887400.0,18.128536224365234
2001-09-17,31.139999389648438,28.270000457763672,30.850000381469727,29.56999969482422,7370500.0,16.980077743530273
2001-09-18,32.04999923706055,29.649999618530273,29.649999618530273,31.690000534057617,8314900.0,18.197452545166016
2001-09-19,33.439998626708984,29.670000076293945,32.150001525878906,31.450000762939453,7395600.0,18.059619903564453
2001-09-20,31.809999465942383,29.0,29.780000686645508,30.450000762939453,7044000.0,17.485397338867188
2001-09-21,30.200000762939453,28.549999237060547,28.75,29.639999389648438,7122200.0,17.020265579223633
2001-09-24,31.850000381469727,29.899999618530273,30.260000228881836,30.200000762939453,3996700.0,17.341833114624023
2001-09-25,30.75,28.649999618530273,30.1200008392334,30.0,4041000.0,17.226999282836914
2001-09-26,30.280000686645508,28.799999237060547,30.06999969482422,29.280000686645508,3100900.0,16.81353759765625
2001-09-27,30.989999771118164,29.229999542236328,29.450000762939453,30.3799991607666,2903000.0,17.44520378112793
2001-09-28,31.75,30.520000457763672,30.579999923706055,31.510000228881836,3562700.0,18.094083786010742
2001-10-01,31.549999237060547,29.65999984741211,31.510000228881836,30.389999389648438,3109100.0,17.450942993164062
2001-10-02,30.799999237060547,29.639999389648438,30.020000457763672,30.139999389648438,2897500.0,17.307384490966797
2001-10-03,31.350000381469727,29.760000228881836,29.860000610351562,30.829999923706055,4398100.0,17.703609466552734
2001-10-04,32.5,30.5,30.950000762939453,31.75,3946500.0,18.231895446777344
2001-10-05,32.31999969482422,30.649999618530273,31.700000762939453,31.90999984741211,2644600.0,18.323774337768555
2001-10-08,32.43000030517578,31.139999389648438,31.75,31.790000915527344,1735800.0,18.254873275756836
2001-10-09,31.959999084472656,30.649999618530273,31.68000030517578,30.799999237060547,1824000.0,17.686378479003906
2001-10-10,33.599998474121094,30.920000076293945,31.1200008392334,33.16999816894531,2429400.0,19.047306060791016
2001-10-11,34.41999816894531,32.790000915527344,33.279998779296875,34.33000183105469,3193500.0,19.71342658996582
2001-10-12,34.099998474121094,31.75,33.95000076293945,33.95000076293945,3186000.0,19.495216369628906
2001-10-15,33.93000030517578,32.5,33.86000061035156,32.939998626708984,1421800.0,18.915239334106445
2001-10-16,33.56999969482422,32.560001373291016,33.349998474121094,33.369998931884766,2553800.0,19.16215705871582
2001-10-17,34.150001525878906,31.760000228881836,33.869998931884766,32.15999984741211,3070600.0,18.467336654663086
2001-10-18,32.16999816894531,31.170000076293945,32.099998474121094,31.600000381469727,1505300.0,18.14577293395996
2001-10-19,32.66999816894531,30.75,31.260000228881836,32.470001220703125,1806800.0,18.645347595214844
2001-10-22,32.900001525878906,31.940000534057617,32.220001220703125,32.75,1372800.0,18.806135177612305
2001-10-23,33.7599983215332,32.060001373291016,33.16999816894531,32.45000076293945,2217400.0,18.63386344909668
2001-10-24,34.0,32.65999984741211,32.7400016784668,33.400001525878906,1748300.0,19.17938232421875
2001-10-25,34.099998474121094,32.25,33.099998474121094,33.83000183105469,2316000.0,19.42630386352539
2001-10-26,35.5,33.599998474121094,34.0,34.9900016784668,2884600.0,20.092418670654297
2001-10-29,34.900001525878906,32.349998474121094,34.849998474121094,32.349998474121094,2435300.0,18.576433181762695
2001-10-30,33.040000915527344,31.239999771118164,32.13999938964844,32.41999816894531,2013600.0,18.68015480041504
2001-10-31,33.150001525878906,32.0,32.84000015258789,32.060001373291016,2202400.0,18.47272300720215
2001-11-01,34.16999816894531,31.59000015258789,32.2599983215332,34.09000015258789,2662800.0,19.642396926879883
2001-11-02,33.95000076293945,32.79999923706055,33.88999938964844,33.529998779296875,1389300.0,19.319732666015625
2001-11-05,35.41999816894531,33.959999084472656,34.06999969482422,35.38999938964844,2088900.0,20.391441345214844
2001-11-06,35.400001525878906,34.349998474121094,34.9900016784668,35.04999923706055,2783100.0,20.195541381835938
2001-11-07,35.849998474121094,34.34000015258789,35.220001220703125,34.61000061035156,1657700.0,19.942018508911133
2001-11-08,36.20000076293945,34.61000061035156,34.849998474121094,35.18000030517578,2071700.0,20.270444869995117
2001-11-09,35.369998931884766,34.400001525878906,35.060001373291016,34.810001373291016,1950500.0,20.057247161865234
2001-11-12,35.20000076293945,33.31999969482422,34.720001220703125,34.61000061035156,2065300.0,19.942018508911133
2001-11-13,35.79999923706055,34.63999938964844,35.040000915527344,35.7599983215332,2511800.0,20.604633331298828
2001-11-14,37.20000076293945,36.16999816894531,36.34000015258789,36.619998931884766,2367800.0,21.100156784057617
2001-11-15,37.13999938964844,36.0,36.70000076293945,36.099998474121094,1909900.0,20.800539016723633
2001-11-16,36.650001525878906,35.369998931884766,36.459999084472656,35.88999938964844,1418800.0,20.679550170898438
2001-11-19,36.279998779296875,35.75,36.04999923706055,36.150001525878906,1581100.0,20.829355239868164
2001-11-20,36.20000076293945,35.099998474121094,36.150001525878906,35.36000061035156,1778000.0,20.374164581298828
2001-11-21,36.040000915527344,35.04999923706055,35.25,35.779998779296875,1284400.0,20.616161346435547
2001-11-23,36.29999923706055,35.81999969482422,35.83000183105469,36.02000045776367,531400.0,20.75444793701172
2001-11-26,36.2599983215332,35.41999816894531,36.20000076293945,36.189998626708984,1838500.0,20.852394104003906
2001-11-27,36.209999084472656,35.59000015258789,36.150001525878906,35.7599983215332,2218800.0,20.604633331298828
2001-11-28,35.970001220703125,34.75,35.790000915527344,34.88999938964844,2463600.0,20.103349685668945
2001-11-29,35.45000076293945,34.66999816894531,34.900001525878906,34.849998474121094,2100200.0,20.08030128479004
2001-11-30,35.2400016784668,34.45000076293945,34.97999954223633,35.0099983215332,2603400.0,20.1724910736084
2001-12-03,35.2400016784668,34.54999923706055,35.0,34.84000015258789,2812500.0,20.074546813964844
2001-12-04,35.970001220703125,34.779998779296875,34.79999923706055,35.93000030517578,2277400.0,20.70258903503418
2001-12-05,39.470001220703125,35.90999984741211,36.060001373291016,39.349998474121094,4643400.0,22.673171997070312
2001-12-06,38.959999084472656,37.529998779296875,38.75,37.529998779296875,2628500.0,21.624494552612305
2001-12-07,37.650001525878906,36.849998474121094,37.38999938964844,37.52000045776367,2377100.0,21.618736267089844
2001-12-10,38.16999816894531,36.970001220703125,37.58000183105469,37.06999969482422,1586600.0,21.359437942504883
2001-12-11,38.2599983215332,37.130001068115234,37.29999923706055,37.91999816894531,2914500.0,21.849218368530273
2001-12-12,39.189998626708984,37.540000915527344,37.83000183105469,39.0099983215332,2807000.0,22.477256774902344
2001-12-13,38.849998474121094,38.0,38.79999923706055,38.099998474121094,3142000.0,21.952930450439453
2001-12-14,38.650001525878906,37.52000045776367,38.20000076293945,37.790000915527344,2363200.0,21.774311065673828
2001-12-17,38.619998931884766,37.58000183105469,37.869998931884766,38.209999084472656,2943500.0,22.016307830810547
2001-12-18,38.13999938964844,36.72999954223633,38.13999938964844,37.380001068115234,4667300.0,21.53807258605957
2001-12-19,37.150001525878906,35.0,35.099998474121094,35.61000061035156,9529000.0,20.518211364746094
2001-12-20,35.54999923706055,34.16999816894531,35.54999923706055,34.5,4613700.0,19.878633499145508
2001-12-21,36.0,34.5099983215332,36.0,34.9900016784668,4082200.0,20.160974502563477
2001-12-24,35.75,35.06999969482422,35.310001373291016,35.119998931884766,726300.0,20.23587417602539
2001-12-26,36.130001068115234,35.09000015258789,35.2400016784668,35.529998779296875,1406400.0,20.47211265563965
2001-12-27,35.95000076293945,35.279998779296875,35.5099983215332,35.72999954223633,1545200.0,20.587350845336914
2001-12-28,36.27000045776367,35.52000045776367,35.720001220703125,35.79999923706055,1603000.0,20.627683639526367
2001-12-31,36.16999816894531,34.849998474121094,35.599998474121094,34.849998474121094,1822000.0,20.08030128479004
2002-01-02,35.150001525878906,33.95000076293945,35.08000183105469,34.599998474121094,2903800.0,19.936246871948242
2002-01-03,35.47999954223633,34.56999969482422,34.79999923706055,35.209999084472656,1852200.0,20.28772735595703
2002-01-04,35.650001525878906,34.939998626708984,35.119998931884766,35.61000061035156,2053400.0,20.518211364746094
2002-01-07,36.0,34.720001220703125,35.599998474121094,34.790000915527344,1867400.0,20.045730590820312
2002-01-08,35.29999923706055,33.939998626708984,34.88999938964844,34.560001373291016,1891000.0,19.9132080078125
2002-01-09,36.47999954223633,34.54999923706055,34.68000030517578,35.38999938964844,3357900.0,20.391441345214844
2002-01-10,37.38999938964844,34.849998474121094,35.189998626708984,36.88999938964844,3353200.0,21.255733489990234
2002-01-11,37.119998931884766,36.38999938964844,37.04999923706055,37.02000045776367,2333000.0,21.330644607543945
2002-01-14,37.75,36.380001068115234,37.59000015258789,36.84000015258789,2620800.0,21.226926803588867
2002-01-15,38.2400016784668,36.90999984741211,37.029998779296875,37.79999923706055,2312600.0,21.780075073242188
2002-01-16,38.0,37.04999923706055,37.90999984741211,37.04999923706055,2507600.0,21.347919464111328
2002-01-17,37.97999954223633,36.650001525878906,37.209999084472656,37.61000061035156,1602100.0,21.670595169067383
2002-01-18,37.31999969482422,36.15999984741211,37.150001525878906,36.2400016784668,2093300.0,20.881214141845703
2002-01-22,36.790000915527344,35.27000045776367,36.790000915527344,35.349998474121094,2914700.0,20.36839485168457
2002-01-23,35.939998626708984,35.349998474121094,35.43000030517578,35.84000015258789,2704000.0,20.650728225708008
2002-01-24,36.459999084472656,35.75,36.04999923706055,36.2400016784668,2416800.0,20.881214141845703
2002-01-25,36.40999984741211,35.849998474121094,36.310001373291016,36.060001373291016,1507300.0,20.77749252319336
2002-01-28,36.34000015258789,34.75,36.029998779296875,35.349998474121094,2620500.0,20.36839485168457
2002-01-29,34.65999984741211,31.850000381469727,34.45000076293945,34.150001525878906,10705300.0,19.676971435546875
2002-01-30,36.029998779296875,34.29999923706055,34.38999938964844,35.88999938964844,4318600.0,20.746376037597656
2002-01-31,36.70000076293945,35.400001525878906,35.70000076293945,36.70000076293945,2154700.0,21.214597702026367
2002-02-01,36.540000915527344,35.209999084472656,36.13999938964844,35.79999923706055,1517700.0,20.6943416595459
2002-02-04,35.83000183105469,34.81999969482422,35.79999923706055,35.13999938964844,1889100.0,20.312828063964844
2002-02-05,35.869998931884766,34.68000030517578,35.18000030517578,35.150001525878906,1926700.0,20.318614959716797
2002-02-06,35.56999969482422,34.41999816894531,35.5,34.869998931884766,2519600.0,20.156749725341797
2002-02-07,36.11000061035156,34.75,34.7599983215332,34.95000076293945,2135400.0,20.203004837036133
2002-02-08,36.09000015258789,34.79999923706055,34.95000076293945,35.9900016784668,1602300.0,20.804174423217773
2002-02-11,36.58000183105469,35.83000183105469,35.900001525878906,36.29999923706055,1529800.0,20.983369827270508
2002-02-12,35.95000076293945,35.130001068115234,35.84000015258789,35.400001525878906,1479000.0,20.46312713623047
2002-02-13,36.209999084472656,35.220001220703125,35.43000030517578,35.540000915527344,1695200.0,20.544052124023438
2002-02-14,36.189998626708984,35.0,35.66999816894531,35.400001525878906,2322300.0,20.46312713623047
2002-02-15,36.349998474121094,35.279998779296875,35.349998474121094,36.099998474121094,2354100.0,20.867753982543945
2002-02-19,36.04999923706055,35.560001373291016,35.86000061035156,35.79999923706055,2607900.0,20.6943416595459
2002-02-20,36.52000045776367,35.70000076293945,35.959999084472656,36.08000183105469,1827100.0,20.8561954498291
2002-02-21,36.41999816894531,35.279998779296875,36.189998626708984,35.29999923706055,1881300.0,20.405319213867188
2002-02-22,36.599998474121094,35.25,35.33000183105469,36.34000015258789,2046700.0,21.006492614746094
2002-02-25,37.5,36.34000015258789,36.34000015258789,37.220001220703125,2092300.0,21.515180587768555
2002-02-26,37.4900016784668,36.619998931884766,37.209999084472656,37.13999938964844,1756800.0,21.46893310546875
2002-02-27,37.29999923706055,36.349998474121094,37.22999954223633,36.779998779296875,2339300.0,21.26083755493164
2002-02-28,37.25,36.630001068115234,36.79999923706055,36.95000076293945,2062800.0,21.359107971191406
2002-03-01,38.630001068115234,36.77000045776367,36.959999084472656,38.400001525878906,2231400.0,22.19729232788086
2002-03-04,41.54999923706055,38.529998779296875,38.59000015258789,41.27000045776367,5729200.0,23.85630226135254
2002-03-05,41.459999084472656,39.75,40.95000076293945,40.15999984741211,4269000.0,23.214658737182617
2002-03-06,40.849998474121094,39.689998626708984,40.0099983215332,40.63999938964844,2740100.0,23.492128372192383
2002-03-07,42.150001525878906,40.25,41.20000076293945,40.65999984741211,3772700.0,23.50369644165039
2002-03-08,41.779998779296875,40.68000030517578,41.599998474121094,41.380001068115234,3430600.0,23.91988754272461
2002-03-11,41.779998779296875,39.91999816894531,41.0,41.560001373291016,3495300.0,24.023950576782227
2002-03-12,41.75,40.689998626708984,41.04999923706055,41.54999923706055,1947100.0,24.018163681030273
2002-03-13,41.290000915527344,39.75,41.060001373291016,40.279998779296875,3057700.0,23.28402328491211
2002-03-14,40.0099983215332,38.560001373291016,40.0,39.54999923706055,4487400.0,22.862043380737305
2002-03-15,40.779998779296875,39.5,39.75,40.54999923706055,3252300.0,23.44010353088379
2002-03-18,41.439998626708984,40.61000061035156,40.75,40.959999084472656,3022600.0,23.677104949951172
2002-03-19,41.86000061035156,40.650001525878906,40.650001525878906,41.400001525878906,2629200.0,23.931453704833984
2002-03-20,41.20000076293945,39.5,41.189998626708984,39.61000061035156,3346800.0,22.896732330322266
2002-03-21,39.619998931884766,38.33000183105469,38.79999923706055,39.5,4328000.0,22.833148956298828
2002-03-22,39.599998474121094,38.369998931884766,39.27000045776367,39.2599983215332,1579800.0,22.694414138793945
2002-03-25,39.2400016784668,37.9900016784668,38.88999938964844,38.150001525878906,1991500.0,22.052766799926758
2002-03-26,38.81999969482422,38.0,38.040000915527344,38.380001068115234,2112100.0,22.185720443725586
2002-03-27,38.5,38.0,38.209999084472656,38.31999969482422,1436800.0,22.151046752929688
2002-03-28,40.06999969482422,38.34000015258789,38.400001525878906,39.70000076293945,2493700.0,22.948759078979492
2002-04-01,39.5,38.459999084472656,39.439998626708984,39.2599983215332,1929300.0,22.694414138793945
2002-04-02,39.20000076293945,38.689998626708984,39.040000915527344,38.790000915527344,2250600.0,22.422725677490234
2002-04-03,39.59000015258789,38.099998474121094,39.040000915527344,38.59000015258789,2031800.0,22.3071231842041
2002-04-04,38.97999954223633,37.869998931884766,38.70000076293945,38.599998474121094,1999100.0,22.312902450561523
2002-04-05,39.29999923706055,38.5099983215332,38.7400016784668,38.939998626708984,1287200.0,22.50942611694336
2002-04-08,39.54999923706055,38.4900016784668,38.4900016784668,39.54999923706055,1844300.0,22.862043380737305
2002-04-09,39.959999084472656,39.22999954223633,39.599998474121094,39.400001525878906,1775000.0,22.775344848632812
2002-04-10,40.75,39.52000045776367,39.689998626708984,40.61000061035156,2416500.0,23.474788665771484
2002-04-11,40.77000045776367,39.959999084472656,40.470001220703125,39.959999084472656,1611800.0,23.099042892456055
2002-04-12,41.0,39.4900016784668,40.2400016784668,40.75,2300400.0,23.55571937561035
2002-04-15,41.400001525878906,40.2599983215332,41.29999923706055,40.5,2363900.0,23.411195755004883
2002-04-16,41.36000061035156,40.560001373291016,40.849998474121094,41.36000061035156,1963900.0,23.908329010009766
2002-04-17,41.29999923706055,39.72999954223633,41.22999954223633,40.209999084472656,2011200.0,23.243560791015625
2002-04-18,40.540000915527344,39.029998779296875,40.150001525878906,40.0,1738800.0,23.122175216674805
2002-04-19,40.4900016784668,39.25,40.22999954223633,39.27000045776367,1916600.0,22.700197219848633
2002-04-22,39.400001525878906,38.20000076293945,39.060001373291016,38.86000061035156,2754900.0,22.46318817138672
2002-04-23,39.13999938964844,38.279998779296875,39.0,38.459999084472656,1833400.0,22.23196792602539
2002-04-24,38.880001068115234,38.0,38.41999816894531,38.099998474121094,2344600.0,22.023868560791016
2002-04-25,38.25,37.130001068115234,38.099998474121094,38.099998474121094,3871000.0,22.023868560791016
2002-04-26,38.84000015258789,37.310001373291016,38.29999923706055,37.33000183105469,1848200.0,21.578765869140625
2002-04-29,37.689998626708984,35.63999938964844,37.61000061035156,36.189998626708984,3929300.0,20.981609344482422
2002-04-30,38.58000183105469,36.150001525878906,36.2400016784668,37.33000183105469,4356100.0,21.642539978027344
2002-05-01,37.5,35.93000030517578,37.5,37.040000915527344,3080300.0,21.474409103393555
2002-05-02,37.619998931884766,35.849998474121094,36.900001525878906,36.52000045776367,2558600.0,21.172935485839844
2002-05-03,36.599998474121094,35.400001525878906,36.47999954223633,35.540000915527344,2564700.0,20.604768753051758
2002-05-06,36.349998474121094,34.45000076293945,35.65999984741211,34.45000076293945,2337600.0,19.972822189331055
2002-05-07,35.619998931884766,34.5,35.119998931884766,34.95000076293945,3477200.0,20.262712478637695
2002-05-08,36.27000045776367,34.9900016784668,35.439998626708984,36.25,3006200.0,21.01639747619629
2002-05-09,36.52000045776367,34.93000030517578,36.209999084472656,35.060001373291016,2379900.0,20.32648277282715
2002-05-10,35.720001220703125,33.900001525878906,35.61000061035156,33.93000030517578,3102800.0,19.671354293823242
2002-05-13,35.060001373291016,33.66999816894531,34.189998626708984,34.13999938964844,3251400.0,19.79310417175293
2002-05-14,35.72999954223633,34.90999984741211,34.959999084472656,35.560001373291016,3294700.0,20.61636734008789
2002-05-15,37.900001525878906,35.31999969482422,35.599998474121094,36.689998626708984,3392300.0,21.271486282348633
2002-05-16,37.70000076293945,36.7599983215332,36.83000183105469,37.2400016784668,2548000.0,21.590360641479492
2002-05-17,38.0,36.83000183105469,37.04999923706055,37.630001068115234,2300100.0,21.81647491455078
2002-05-20,37.81999969482422,35.810001373291016,37.70000076293945,36.40999984741211,2159200.0,21.109155654907227
2002-05-21,36.58000183105469,35.29999923706055,36.41999816894531,36.04999923706055,2189400.0,20.900442123413086
2002-05-22,36.189998626708984,35.02000045776367,35.709999084472656,35.790000915527344,1591100.0,20.749711990356445
2002-05-23,36.279998779296875,35.04999923706055,35.900001525878906,36.099998474121094,1934900.0,20.929426193237305
2002-05-24,36.189998626708984,35.20000076293945,36.0,35.540000915527344,1247500.0,20.604768753051758
2002-05-28,35.790000915527344,34.7599983215332,35.72999954223633,35.36000061035156,2018500.0,20.500411987304688
2002-05-29,35.5,34.83000183105469,35.34000015258789,35.18000030517578,1360700.0,20.39604949951172
2002-05-30,35.18000030517578,33.849998474121094,34.869998931884766,34.54999923706055,2707400.0,20.030803680419922
2002-05-31,35.54999923706055,34.400001525878906,34.720001220703125,34.650001525878906,2142600.0,20.088775634765625
2002-06-03,34.939998626708984,33.77000045776367,34.650001525878906,33.88999938964844,2073300.0,19.64815330505371
2002-06-04,34.849998474121094,33.54999923706055,33.66999816894531,34.470001220703125,3186300.0,19.984416961669922
2002-06-05,35.130001068115234,33.70000076293945,34.47999954223633,35.0,3101100.0,20.291696548461914
2002-06-06,35.2400016784668,34.13999938964844,35.040000915527344,34.380001068115234,2142400.0,19.93223762512207
2002-06-07,35.15999984741211,34.130001068115234,34.40999984741211,34.5099983215332,2713300.0,20.007606506347656
2002-06-10,34.79999923706055,33.869998931884766,34.5,34.040000915527344,2337700.0,19.73512077331543
2002-06-11,34.630001068115234,33.689998626708984,34.209999084472656,33.79999923706055,2263300.0,19.595979690551758
2002-06-12,34.150001525878906,32.20000076293945,33.689998626708984,33.91999816894531,3849800.0,19.66554832458496
2002-06-13,33.7599983215332,32.70000076293945,33.75,32.970001220703125,2375700.0,19.114778518676758
2002-06-14,33.04999923706055,30.5,32.66999816894531,32.95000076293945,4025600.0,19.103181838989258
2002-06-17,34.40999984741211,33.220001220703125,33.34000015258789,34.40999984741211,2801000.0,19.94963264465332
2002-06-18,34.31999969482422,33.599998474121094,34.2400016784668,34.08000183105469,2629100.0,19.758310317993164
2002-06-19,34.2400016784668,33.099998474121094,33.849998474121094,33.150001525878906,2349000.0,19.219144821166992
2002-06-20,33.779998779296875,32.13999938964844,33.060001373291016,32.25,3113800.0,18.697343826293945
2002-06-21,31.940000534057617,30.709999084472656,31.56999969482422,30.729999542236328,5115200.0,17.816102981567383
2002-06-24,31.75,29.739999771118164,30.739999771118164,31.18000030517578,4497600.0,18.07699966430664
2002-06-25,30.5,28.93000030517578,29.770000457763672,29.170000076293945,10461900.0,16.911680221557617
2002-06-26,30.549999237060547,28.049999237060547,28.389999389648438,30.280000686645508,5904000.0,17.555217742919922
2002-06-27,31.0,28.850000381469727,30.799999237060547,30.549999237060547,4155000.0,17.711746215820312
2002-06-28,31.600000381469727,30.510000228881836,30.709999084472656,31.290000915527344,3161300.0,18.140777587890625
2002-07-01,31.700000762939453,29.610000610351562,31.299999237060547,29.729999542236328,2580600.0,17.236343383789062
2002-07-02,30.139999389648438,28.09000015258789,29.3799991607666,28.56999969482422,3432500.0,16.56382179260254
2002-07-03,29.690000534057617,28.559999465942383,28.700000762939453,29.579999923706055,3570400.0,17.149377822875977
2002-07-05,31.299999237060547,29.399999618530273,29.709999084472656,31.110000610351562,1326000.0,18.03642463684082
2002-07-08,31.6299991607666,28.940000534057617,30.989999771118164,29.459999084472656,3034300.0,17.079805374145508
2002-07-09,29.799999237060547,28.649999618530273,29.389999389648438,28.760000228881836,3156000.0,16.673974990844727
2002-07-10,29.290000915527344,27.59000015258789,28.90999984741211,27.6299991607666,2732700.0,16.01884651184082
2002-07-11,28.6299991607666,26.65999984741211,27.049999237060547,28.139999389648438,4143600.0,16.314523696899414
2002-07-12,28.75,27.25,28.459999084472656,28.34000015258789,3154300.0,16.430471420288086
2002-07-15,29.31999969482422,26.81999969482422,28.020000457763672,29.309999465942383,4151700.0,16.99284553527832
2002-07-16,29.25,27.469999313354492,28.5,27.90999984741211,3281800.0,16.181169509887695
2002-07-17,29.170000076293945,27.3799991607666,28.479999542236328,28.219999313354492,2854400.0,16.360904693603516
2002-07-18,27.280000686645508,22.200000762939453,27.270000457763672,24.5,12607100.0,14.204184532165527
2002-07-19,24.299999237060547,23.030000686645508,23.399999618530273,23.280000686645508,4653800.0,13.49687385559082
2002-07-22,23.5,22.040000915527344,22.790000915527344,22.229999542236328,5710300.0,12.888118743896484
2002-07-23,23.170000076293945,22.030000686645508,22.149999618530273,22.399999618530273,5554600.0,12.986686706542969
2002-07-24,23.8700008392334,21.65999984741211,22.299999237060547,23.760000228881836,4446900.0,13.775161743164062
2002-07-25,23.84000015258789,22.350000381469727,23.670000076293945,23.079999923706055,3850900.0,13.3809232711792
2002-07-26,24.06999969482422,22.65999984741211,23.010000228881836,23.81999969482422,3297500.0,13.809943199157715
2002-07-29,26.209999084472656,24.350000381469727,25.579999923706055,26.139999389648438,3544900.0,15.154997825622559
2002-07-30,26.399999618530273,24.950000762939453,25.809999465942383,26.010000228881836,2960100.0,15.14334774017334
2002-07-31,26.329999923706055,25.219999313354492,25.989999771118164,26.309999465942383,3152100.0,15.318016052246094
2002-08-01,27.09000015258789,24.780000686645508,26.239999771118164,25.43000030517578,3084200.0,14.805665969848633
2002-08-02,25.5,23.5,25.25,23.860000610351562,3693400.0,13.891596794128418
2002-08-05,23.1299991607666,21.809999465942383,22.09000015258789,22.389999389648438,5303700.0,13.035745620727539
2002-08-06,23.389999389648438,22.110000610351562,22.110000610351562,22.920000076293945,3327700.0,13.344315528869629
2002-08-07,23.639999389648438,21.850000381469727,23.34000015258789,22.610000610351562,3190600.0,13.163827896118164
2002-08-08,22.860000610351562,21.90999984741211,22.350000381469727,22.520000457763672,3544000.0,13.111429214477539
2002-08-09,22.489999771118164,21.200000762939453,22.3700008392334,21.729999542236328,4482900.0,12.651482582092285
2002-08-12,21.690000534057617,20.389999389648438,21.469999313354492,20.549999237060547,4539100.0,11.964471817016602
2002-08-13,22.530000686645508,20.549999237060547,20.549999237060547,21.56999969482422,5539000.0,12.558327674865723
2002-08-14,23.5,21.18000030517578,21.739999771118164,23.329999923706055,6347200.0,13.583020210266113
2002-08-15,23.579999923706055,22.639999389648438,23.440000534057617,22.979999542236328,6204100.0,13.379243850708008
2002-08-16,24.34000015258789,22.799999237060547,23.020000457763672,24.170000076293945,3770100.0,14.072084426879883
2002-08-19,24.65999984741211,23.829999923706055,24.399999618530273,24.329999923706055,2713900.0,14.165233612060547
2002-08-20,24.229999542236328,23.450000762939453,24.149999618530273,23.969999313354492,2829300.0,13.95563793182373
2002-08-21,25.0,23.889999389648438,24.239999771118164,24.700000762939453,2351100.0,14.380654335021973
2002-08-22,25.489999771118164,24.31999969482422,24.649999618530273,25.260000228881836,2204700.0,14.706695556640625
2002-08-23,25.43000030517578,24.190000534057617,25.139999389648438,24.389999389648438,2460500.0,14.20016860961914
2002-08-26,25.329999923706055,24.360000610351562,24.56999969482422,25.010000228881836,2339600.0,14.561136245727539
2002-08-27,25.739999771118164,24.399999618530273,25.639999389648438,24.600000381469727,1931100.0,14.322426795959473
2002-08-28,24.899999618530273,23.299999237060547,24.170000076293945,23.790000915527344,2090700.0,13.850834846496582
2002-08-29,24.3799991607666,23.059999465942383,23.290000915527344,23.809999465942383,2478000.0,13.862483978271484
2002-08-30,24.15999984741211,23.399999618530273,23.860000610351562,23.399999618530273,2139900.0,13.623778343200684
2002-09-03,23.489999771118164,22.100000381469727,23.479999542236328,22.5,2681000.0,13.099782943725586
2002-09-04,23.290000915527344,22.1299991607666,22.559999465942383,23.049999237060547,2565100.0,13.419999122619629
2002-09-05,22.65999984741211,21.81999969482422,22.610000610351562,22.100000381469727,4298500.0,12.866897583007812
2002-09-06,23.8700008392334,22.479999542236328,22.600000381469727,23.31999969482422,3503900.0,13.577197074890137
2002-09-09,23.950000762939453,22.860000610351562,23.209999084472656,23.559999465942383,2028400.0,13.716933250427246
2002-09-10,24.100000381469727,23.399999618530273,23.670000076293945,23.90999984741211,1987900.0,13.92070198059082
2002-09-11,24.989999771118164,24.219999313354492,24.31999969482422,24.309999465942383,2288700.0,14.153594970703125
2002-09-12,24.200000762939453,23.139999389648438,24.200000762939453,23.399999618530273,2124200.0,13.623778343200684
2002-09-13,23.65999984741211,22.59000015258789,22.799999237060547,23.40999984741211,1832200.0,13.629598617553711
2002-09-16,23.299999237060547,22.649999618530273,23.290000915527344,22.969999313354492,2953500.0,13.373427391052246
2002-09-17,23.899999618530273,23.0,23.209999084472656,23.239999771118164,3078200.0,13.530620574951172
2002-09-18,23.799999237060547,22.850000381469727,23.15999984741211,23.40999984741211,4356300.0,13.629598617553711
2002-09-19,25.100000381469727,22.950000762939453,23.010000228881836,24.770000457763672,7506500.0,14.421417236328125
2002-09-20,25.299999237060547,23.719999313354492,25.229999542236328,24.110000610351562,6314800.0,14.03714656829834
2002-09-23,24.809999465942383,23.93000030517578,24.040000915527344,24.329999923706055,3651300.0,14.165233612060547
2002-09-24,24.809999465942383,24.0,24.110000610351562,24.350000381469727,4574600.0,14.176877975463867
2002-09-25,25.280000686645508,24.280000686645508,24.709999084472656,24.959999084472656,4198200.0,14.532026290893555
2002-09-26,25.799999237060547,24.780000686645508,25.309999465942383,25.329999923706055,2469400.0,14.747445106506348
2002-09-27,26.18000030517578,24.90999984741211,25.06999969482422,25.139999389648438,3208200.0,14.636835098266602
2002-09-30,24.8799991607666,23.799999237060547,24.8799991607666,24.270000457763672,4111600.0,14.13029956817627
2002-10-01,25.209999084472656,23.850000381469727,24.31999969482422,25.139999389648438,3984900.0,14.636835098266602
2002-10-02,25.399999618530273,24.09000015258789,24.93000030517578,24.1299991607666,3178300.0,14.048787117004395
2002-10-03,24.200000762939453,23.049999237060547,24.059999465942383,23.600000381469727,4662900.0,13.74022388458252
2002-10-04,24.1200008392334,22.649999618530273,23.959999084472656,23.229999542236328,2780700.0,13.524805068969727
2002-10-07,23.81999969482422,22.809999465942383,23.170000076293945,23.190000534057617,3116200.0,13.501509666442871
2002-10-08,24.18000030517578,22.780000686645508,23.43000030517578,23.780000686645508,3108500.0,13.845015525817871
2002-10-09,23.399999618530273,22.5,23.389999389648438,23.0,4235700.0,13.390891075134277
2002-10-10,25.190000534057617,23.0,23.0,24.979999542236328,3929900.0,14.543672561645508
2002-10-11,26.969999313354492,25.020000457763672,25.329999923706055,26.34000015258789,3731300.0,15.335481643676758
2002-10-14,27.219999313354492,25.850000381469727,25.90999984741211,27.15999984741211,2199400.0,15.812895774841309
2002-10-15,29.06999969482422,27.479999542236328,29.0,27.899999618530273,3848300.0,16.243732452392578
2002-10-16,28.40999984741211,26.299999237060547,27.540000915527344,27.030000686645508,3301900.0,15.737207412719727
2002-10-17,29.299999237060547,27.639999389648438,28.110000610351562,28.25,3050200.0,16.447507858276367
2002-10-18,28.790000915527344,27.6299991607666,27.84000015258789,28.520000457763672,1808100.0,16.60470962524414
2002-10-21,29.559999465942383,27.670000076293945,28.510000228881836,29.459999084472656,2433000.0,17.15199089050293
2002-10-22,29.290000915527344,28.43000030517578,29.200000762939453,28.790000915527344,2131300.0,16.76190185546875
2002-10-23,29.440000534057617,28.399999618530273,28.700000762939453,29.229999542236328,2345900.0,17.01807403564453
2002-10-24,29.479999542236328,27.850000381469727,29.200000762939453,27.950000762939453,2782100.0,16.272846221923828
2002-10-25,30.290000915527344,26.579999923706055,28.0,30.06999969482422,3304800.0,17.50713539123535
2002-10-28,30.149999618530273,28.479999542236328,30.149999618530273,28.760000228881836,2766300.0,16.744434356689453
2002-10-29,29.43000030517578,27.100000381469727,28.799999237060547,27.610000610351562,4923000.0,16.07489585876465
2002-10-30,29.1200008392334,27.649999618530273,27.729999542236328,28.18000030517578,3485800.0,16.47237777709961
2002-10-31,29.020000457763672,28.0,28.31999969482422,28.81999969482422,2689100.0,16.84648895263672
2002-11-01,29.25,27.850000381469727,28.5,28.989999771118164,2784100.0,16.945863723754883
2002-11-04,29.940000534057617,28.329999923706055,29.389999389648438,28.6200008392334,3254900.0,16.729576110839844
2002-11-05,28.219999313354492,27.139999389648438,27.149999618530273,28.149999618530273,3280200.0,16.45484161376953
2002-11-06,28.5,27.200000762939453,28.5,27.75,3720400.0,16.221033096313477
2002-11-07,27.25,26.389999389648438,26.440000534057617,26.719999313354492,3566400.0,15.618955612182617
2002-11-08,27.270000457763672,26.100000381469727,26.850000381469727,26.420000076293945,2442100.0,15.443589210510254
2002-11-11,26.639999389648438,25.5,26.399999618530273,25.600000381469727,2388600.0,14.964264869689941
2002-11-12,26.6200008392334,25.25,25.75,26.040000915527344,2542000.0,15.221461296081543
2002-11-13,26.6200008392334,25.209999084472656,25.950000762939453,26.290000915527344,3121400.0,15.367598533630371
2002-11-14,28.040000915527344,26.739999771118164,26.760000228881836,27.790000915527344,3421400.0,16.244407653808594
2002-11-15,28.059999465942383,27.280000686645508,27.479999542236328,27.959999084472656,2220400.0,16.343782424926758
2002-11-18,28.239999771118164,27.5,28.020000457763672,27.540000915527344,2453200.0,16.0982723236084
2002-11-19,28.010000228881836,26.950000762939453,27.190000534057617,27.270000457763672,2960100.0,15.940446853637695
2002-11-20,28.1200008392334,27.010000228881836,27.299999237060547,28.079999923706055,3252400.0,16.413928985595703
2002-11-21,28.799999237060547,27.799999237060547,28.200000762939453,28.770000457763672,4022100.0,16.817256927490234
2002-11-22,29.18000030517578,28.299999237060547,28.799999237060547,29.139999389648438,2794700.0,17.033538818359375
2002-11-25,29.25,28.389999389648438,29.239999771118164,28.739999771118164,2975100.0,16.799732208251953
2002-11-26,28.969999313354492,27.809999465942383,28.65999984741211,27.989999771118164,2731700.0,16.36132049560547
2002-11-27,29.850000381469727,28.1200008392334,28.1200008392334,29.40999984741211,3471500.0,17.19136619567871
2002-11-29,29.729999542236328,29.079999923706055,29.6299991607666,29.200000762939453,1357200.0,17.0686092376709
2002-12-02,29.940000534057617,29.209999084472656,29.6200008392334,29.510000228881836,3562400.0,17.249820709228516
2002-12-03,29.549999237060547,28.309999465942383,29.5,28.700000762939453,2569600.0,16.77634048461914
2002-12-04,29.309999465942383,28.459999084472656,28.459999084472656,29.020000457763672,2825200.0,16.963394165039062
2002-12-05,29.219999313354492,27.3700008392334,29.219999313354492,27.950000762939453,3609200.0,16.33793830871582
2002-12-06,28.389999389648438,27.040000915527344,27.34000015258789,28.200000762939453,2696500.0,16.48407745361328
2002-12-09,28.059999465942383,27.100000381469727,28.020000457763672,27.219999313354492,1872600.0,15.91122055053711
2002-12-10,27.790000915527344,26.989999771118164,27.329999923706055,27.469999313354492,2583800.0,16.057361602783203
2002-12-11,27.600000381469727,26.90999984741211,27.270000457763672,27.5,1933100.0,16.074893951416016
2002-12-12,27.719999313354492,26.969999313354492,27.65999984741211,27.350000381469727,1337400.0,15.987211227416992
2002-12-13,27.190000534057617,26.280000686645508,27.06999969482422,26.420000076293945,2426000.0,15.443589210510254
2002-12-16,27.200000762939453,26.25,26.260000228881836,27.149999618530273,3374300.0,15.870305061340332
2002-12-17,27.18000030517578,26.610000610351562,26.899999618530273,26.90999984741211,2298400.0,15.730011940002441
2002-12-18,27.239999771118164,25.760000228881836,27.15999984741211,26.239999771118164,2494200.0,15.338367462158203
2002-12-19,27.049999237060547,25.809999465942383,26.530000686645508,26.549999237060547,3309700.0,15.519574165344238
2002-12-20,28.200000762939453,26.700000762939453,27.040000915527344,27.770000457763672,5081000.0,16.232715606689453
2002-12-23,28.420000076293945,27.579999923706055,27.8799991607666,28.309999465942383,3228100.0,16.54837417602539
2002-12-24,28.260000228881836,27.969999313354492,28.049999237060547,28.020000457763672,1552300.0,16.378856658935547
2002-12-26,28.899999618530273,27.860000610351562,28.06999969482422,27.940000534057617,1858900.0,16.332090377807617
2002-12-27,27.940000534057617,27.31999969482422,27.829999923706055,27.360000610351562,1561100.0,15.993051528930664
2002-12-30,27.93000030517578,27.1299991607666,27.440000534057617,27.81999969482422,1652300.0,16.26194953918457
2002-12-31,28.06999969482422,27.3799991607666,27.799999237060547,27.899999618530273,1846400.0,16.30870819091797
2003-01-02,29.010000228881836,27.690000534057617,28.030000686645508,28.920000076293945,2415900.0,16.904939651489258
2003-01-03,29.1299991607666,28.5,28.719999313354492,29.030000686645508,1809300.0,16.969242095947266
2003-01-06,30.09000015258789,28.940000534057617,29.079999923706055,29.979999542236328,3403900.0,17.524568557739258
2003-01-07,29.829999923706055,28.56999969482422,29.799999237060547,29.450000762939453,3152500.0,17.214752197265625
2003-01-08,29.5,28.18000030517578,29.299999237060547,28.469999313354492,2849700.0,16.641897201538086
2003-01-09,29.25,28.610000610351562,28.6200008392334,29.059999465942383,2475300.0,16.986778259277344
2003-01-10,29.290000915527344,28.209999084472656,28.690000534057617,28.8700008392334,2391700.0,16.875717163085938
2003-01-13,29.1200008392334,27.860000610351562,29.1200008392334,28.18000030517578,2771500.0,16.47237777709961
2003-01-14,28.489999771118164,27.889999389648438,28.020000457763672,28.15999984741211,2177500.0,16.460697174072266
2003-01-15,27.799999237060547,27.049999237060547,27.639999389648438,27.530000686645508,3223000.0,16.09242820739746
2003-01-16,27.760000228881836,27.200000762939453,27.520000457763672,27.549999237060547,2544000.0,16.1041202545166
2003-01-17,27.43000030517578,26.25,27.209999084472656,26.34000015258789,2602100.0,15.39682388305664
2003-01-21,27.06999969482422,25.780000686645508,26.540000915527344,25.780000686645508,2285300.0,15.06948184967041
2003-01-22,25.90999984741211,25.110000610351562,25.8700008392334,25.299999237060547,2814900.0,14.788899421691895
2003-01-23,25.81999969482422,25.1299991607666,25.59000015258789,25.540000915527344,2618400.0,14.929187774658203
2003-01-24,25.6200008392334,24.309999465942383,25.56999969482422,25.1299991607666,2978600.0,14.689525604248047
2003-01-27,25.739999771118164,24.59000015258789,24.700000762939453,24.68000030517578,2425200.0,14.426488876342773
2003-01-28,25.8799991607666,24.75,24.860000610351562,25.469999313354492,3257200.0,14.888274192810059
2003-01-29,25.860000610351562,24.290000915527344,25.290000915527344,25.790000915527344,3166500.0,15.075326919555664
2003-01-30,25.84000015258789,24.5,25.84000015258789,24.760000228881836,3314100.0,14.535239219665527
2003-01-31,25.780000686645508,24.510000228881836,24.549999237060547,25.18000030517578,3296800.0,14.78180980682373
2003-02-03,25.950000762939453,25.170000076293945,25.309999465942383,25.690000534057617,2858400.0,15.081195831298828
2003-02-04,25.5,24.920000076293945,25.399999618530273,25.200000762939453,2701300.0,14.793540000915527
2003-02-05,25.809999465942383,24.8700008392334,25.329999923706055,25.049999237060547,2759100.0,14.705488204956055
2003-02-06,25.459999084472656,24.43000030517578,24.90999984741211,24.889999389648438,2165800.0,14.61155891418457
2003-02-07,25.75,25.049999237060547,25.229999542236328,25.329999923706055,3107800.0,14.869857788085938
2003-02-10,25.68000030517578,24.899999618530273,25.3700008392334,25.40999984741211,2701400.0,14.916824340820312
2003-02-11,25.700000762939453,24.770000457763672,25.56999969482422,25.010000228881836,2553600.0,14.682002067565918
2003-02-12,25.420000076293945,24.559999465942383,24.989999771118164,24.690000534057617,2393300.0,14.494156837463379
2003-02-13,24.850000381469727,23.81999969482422,24.84000015258789,24.350000381469727,2858200.0,14.2945556640625
2003-02-14,25.350000381469727,24.34000015258789,24.479999542236328,25.34000015258789,2144000.0,14.87572956085205
2003-02-18,25.899999618530273,25.280000686645508,25.420000076293945,25.790000915527344,2452200.0,15.139904975891113
2003-02-19,25.959999084472656,25.31999969482422,25.65999984741211,25.65999984741211,2045200.0,15.063582420349121
2003-02-20,25.979999542236328,25.139999389648438,25.68000030517578,25.170000076293945,1812600.0,14.775931358337402
2003-02-21,26.110000610351562,25.09000015258789,25.389999389648438,25.850000381469727,2529000.0,15.175119400024414
2003-02-24,25.899999618530273,25.360000610351562,25.75,25.579999923706055,2505300.0,15.01662540435791
2003-02-25,25.399999618530273,24.5,25.219999313354492,25.329999923706055,2597800.0,14.869857788085938
2003-02-26,25.260000228881836,24.709999084472656,25.200000762939453,24.90999984741211,2206600.0,14.623295783996582
2003-02-27,25.450000762939453,24.59000015258789,24.6299991607666,25.299999237060547,2147400.0,14.85224437713623
2003-02-28,26.3700008392334,25.0,25.299999237060547,26.239999771118164,3812400.0,15.404070854187012
2003-03-03,26.579999923706055,26.049999237060547,26.31999969482422,26.280000686645508,3354200.0,15.427550315856934
2003-03-04,26.549999237060547,26.110000610351562,26.43000030517578,26.200000762939453,3034900.0,15.38058853149414
2003-03-05,26.649999618530273,26.149999618530273,26.260000228881836,26.530000686645508,2404300.0,15.574311256408691
2003-03-06,26.440000534057617,26.100000381469727,26.43000030517578,26.350000381469727,2245300.0,15.468645095825195
2003-03-07,26.440000534057617,25.6299991607666,26.049999237060547,26.309999465942383,3238100.0,15.445164680480957
2003-03-10,26.239999771118164,24.809999465942383,26.15999984741211,25.0,2689300.0,14.676138877868652
2003-03-11,25.25,24.200000762939453,25.25,24.670000076293945,4276100.0,14.482409477233887
2003-03-12,25.170000076293945,24.399999618530273,24.479999542236328,25.030000686645508,2930400.0,14.693747520446777
2003-03-13,25.399999618530273,23.760000228881836,25.190000534057617,25.3700008392334,6586700.0,14.893342971801758
2003-03-14,25.649999618530273,24.799999237060547,25.200000762939453,25.1200008392334,4709400.0,14.746582984924316
2003-03-17,26.450000762939453,24.889999389648438,25.399999618530273,26.440000534057617,4708500.0,15.521485328674316
2003-03-18,26.6200008392334,25.979999542236328,26.190000534057617,26.59000015258789,3089500.0,15.609530448913574
2003-03-19,27.260000228881836,26.520000457763672,26.68000030517578,27.0,2756100.0,15.850231170654297
2003-03-20,27.979999542236328,26.5,26.799999237060547,27.420000076293945,3124400.0,16.09678840637207
2003-03-21,30.450000762939453,27.75,28.209999084472656,29.420000076293945,7239200.0,17.27088165283203
2003-03-24,28.8799991607666,28.0,28.399999618530273,28.15999984741211,3375700.0,16.53119659423828
2003-03-25,28.8700008392334,28.040000915527344,28.34000015258789,28.549999237060547,2307800.0,16.7601375579834
2003-03-26,28.8799991607666,28.350000381469727,28.450000762939453,28.469999313354492,2489400.0,16.713180541992188
2003-03-27,28.559999465942383,27.600000381469727,28.350000381469727,28.059999465942383,3373000.0,16.472492218017578
2003-03-28,28.049999237060547,27.399999618530273,27.84000015258789,27.59000015258789,1569900.0,16.196584701538086
2003-03-31,27.700000762939453,26.739999771118164,27.299999237060547,27.469999313354492,3228100.0,16.126142501831055
2003-04-01,28.25,27.010000228881836,27.510000228881836,27.969999313354492,3358500.0,16.419660568237305
2003-04-02,29.350000381469727,28.149999618530273,28.190000534057617,28.850000381469727,4540400.0,16.93626594543457
2003-04-03,28.979999542236328,28.299999237060547,28.979999542236328,28.489999771118164,2092900.0,16.72492218017578
2003-04-04,28.860000610351562,28.0,28.75,28.3700008392334,1574500.0,16.654481887817383
2003-04-07,29.690000534057617,28.5,29.209999084472656,28.579999923706055,2529100.0,16.777755737304688
2003-04-08,29.0,28.5,28.6200008392334,28.579999923706055,1803900.0,16.777755737304688
2003-04-09,29.079999923706055,27.90999984741211,28.579999923706055,27.969999313354492,2765100.0,16.419660568237305
2003-04-10,28.530000686645508,27.959999084472656,28.0,28.469999313354492,2039700.0,16.713180541992188
2003-04-11,29.079999923706055,27.90999984741211,28.56999969482422,28.399999618530273,2236200.0,16.672088623046875
2003-04-14,29.25,28.329999923706055,28.43000030517578,29.15999984741211,1959200.0,17.118240356445312
2003-04-15,29.670000076293945,28.989999771118164,29.059999465942383,29.350000381469727,2298700.0,17.229785919189453
2003-04-16,29.75,28.799999237060547,29.729999542236328,28.940000534057617,2203800.0,16.989093780517578
2003-04-17,30.34000015258789,28.610000610351562,28.6200008392334,30.190000534057617,2788700.0,17.722900390625
2003-04-21,30.049999237060547,29.260000228881836,29.709999084472656,29.65999984741211,1842000.0,17.411771774291992
2003-04-22,30.75,29.25,30.079999923706055,30.729999542236328,2546700.0,18.039907455444336
2003-04-23,31.68000030517578,30.200000762939453,30.639999389648438,31.149999618530273,2915500.0,18.28646469116211
2003-04-24,31.170000076293945,30.3700008392334,30.969999313354492,30.729999542236328,2312500.0,18.039907455444336
2003-04-25,30.649999618530273,29.149999618530273,30.6200008392334,29.459999084472656,3434200.0,17.294355392456055
2003-04-28,31.040000915527344,29.5,29.520000457763672,30.860000610351562,2589800.0,18.1162166595459
2003-04-29,31.1299991607666,30.299999237060547,31.020000457763672,30.920000076293945,2262800.0,18.216373443603516
2003-04-30,31.219999313354492,30.520000457763672,30.709999084472656,31.149999618530273,3399500.0,18.351884841918945
2003-05-01,31.100000381469727,30.18000030517578,30.899999618530273,30.8700008392334,2205800.0,18.186922073364258
2003-05-02,31.700000762939453,30.489999771118164,30.760000228881836,31.549999237060547,1846800.0,18.58753776550293
2003-05-05,31.940000534057617,31.239999771118164,31.6299991607666,31.450000762939453,2712300.0,18.528621673583984
2003-05-06,32.189998626708984,31.280000686645508,31.399999618530273,31.860000610351562,3351500.0,18.77017593383789
2003-05-07,31.799999237060547,31.219999313354492,31.540000915527344,31.34000015258789,2109900.0,18.46381187438965
2003-05-08,31.18000030517578,30.770000457763672,31.149999618530273,30.81999969482422,3434100.0,18.1574649810791
2003-05-09,30.899999618530273,30.420000076293945,30.860000610351562,30.739999771118164,3039100.0,18.110332489013672
2003-05-12,30.940000534057617,30.43000030517578,30.760000228881836,30.799999237060547,2810800.0,18.145681381225586
2003-05-13,30.940000534057617,30.459999084472656,30.649999618530273,30.739999771118164,2895500.0,18.110332489013672
2003-05-14,30.940000534057617,30.079999923706055,30.59000015258789,30.149999618530273,2389900.0,17.762731552124023
2003-05-15,30.59000015258789,30.229999542236328,30.450000762939453,30.239999771118164,2866500.0,17.815757751464844
2003-05-16,30.450000762939453,29.40999984741211,30.260000228881836,29.540000915527344,3370000.0,17.403350830078125
2003-05-19,29.75,28.670000076293945,29.5,28.68000030517578,3461900.0,16.89669418334961
2003-05-20,29.6200008392334,28.739999771118164,28.770000457763672,29.139999389648438,3018500.0,17.167692184448242
2003-05-21,29.450000762939453,28.75,28.75,28.959999084472656,2854800.0,17.0616512298584
2003-05-22,29.489999771118164,28.790000915527344,28.90999984741211,29.079999923706055,1845900.0,17.132347106933594
2003-05-23,29.479999542236328,28.979999542236328,29.010000228881836,29.049999237060547,1705800.0,17.11467170715332
2003-05-27,30.100000381469727,29.0,29.010000228881836,29.719999313354492,3410200.0,17.509395599365234
2003-05-28,30.530000686645508,29.600000381469727,29.709999084472656,30.059999465942383,2377400.0,17.709712982177734
2003-05-29,30.649999618530273,30.079999923706055,30.209999084472656,30.09000015258789,2951900.0,17.727386474609375
2003-05-30,31.1200008392334,29.81999969482422,30.329999923706055,30.520000457763672,2493800.0,17.9807186126709
2003-06-02,31.350000381469727,30.399999618530273,30.690000534057617,30.709999084472656,3081200.0,18.092649459838867
2003-06-03,30.700000762939453,30.0,30.700000762939453,30.200000762939453,2466000.0,17.792190551757812
2003-06-04,30.670000076293945,29.770000457763672,30.200000762939453,30.3700008392334,4525100.0,17.89234733581543
2003-06-05,30.219999313354492,29.350000381469727,30.110000610351562,29.899999618530273,3188100.0,17.615446090698242
2003-06-06,31.270000457763672,29.920000076293945,30.0,30.81999969482422,3952600.0,18.1574649810791
2003-06-09,30.6299991607666,29.90999984741211,30.559999465942383,30.25,2480000.0,17.821643829345703
2003-06-10,30.549999237060547,30.030000686645508,30.450000762939453,30.469999313354492,1354300.0,17.95125961303711
2003-06-11,30.510000228881836,29.5,30.489999771118164,30.09000015258789,2310100.0,17.727386474609375
2003-06-12,30.940000534057617,29.760000228881836,30.25,30.239999771118164,2228500.0,17.815757751464844
2003-06-13,30.600000381469727,29.25,30.40999984741211,29.459999084472656,1836800.0,17.356224060058594
2003-06-16,30.8700008392334,29.56999969482422,29.610000610351562,30.860000610351562,2416000.0,18.18102264404297
2003-06-17,31.15999984741211,30.520000457763672,30.899999618530273,30.81999969482422,2371000.0,18.1574649810791
2003-06-18,31.329999923706055,30.420000076293945,30.65999984741211,31.260000228881836,2056900.0,18.41668128967285
2003-06-19,31.059999465942383,30.100000381469727,31.059999465942383,30.450000762939453,2667500.0,17.939477920532227
2003-06-20,31.260000228881836,30.079999923706055,31.0,30.149999618530273,3184600.0,17.762731552124023
2003-06-23,30.299999237060547,29.459999084472656,30.059999465942383,29.670000076293945,2131600.0,17.479938507080078
2003-06-24,30.690000534057617,29.799999237060547,29.84000015258789,30.43000030517578,3827600.0,17.927692413330078
2003-06-25,30.100000381469727,29.149999618530273,29.760000228881836,29.40999984741211,6178800.0,17.326763153076172
2003-06-26,30.229999542236328,29.100000381469727,29.65999984741211,30.149999618530273,4150300.0,17.762731552124023
2003-06-27,30.219999313354492,29.010000228881836,30.110000610351562,29.280000686645508,3452000.0,17.25016975402832
2003-06-30,29.549999237060547,29.149999618530273,29.469999313354492,29.389999389648438,2248700.0,17.314987182617188
2003-07-01,29.649999618530273,28.43000030517578,29.190000534057617,29.260000228881836,3750000.0,17.2383975982666
2003-07-02,29.450000762939453,29.0,29.450000762939453,29.149999618530273,2973700.0,17.17359161376953
2003-07-03,29.3799991607666,28.65999984741211,29.040000915527344,28.84000015258789,1704300.0,16.990957260131836
2003-07-07,29.75,28.75,28.989999771118164,29.520000457763672,2916500.0,17.391582489013672
2003-07-08,30.149999618530273,29.440000534057617,29.489999771118164,29.959999084472656,2408300.0,17.650798797607422
2003-07-09,30.25,29.579999923706055,29.8700008392334,30.09000015258789,2152800.0,17.727386474609375
2003-07-10,30.0,29.3700008392334,29.860000610351562,29.549999237060547,2091700.0,17.40924072265625
2003-07-11,30.719999313354492,29.600000381469727,29.6200008392334,30.229999542236328,2243900.0,17.80986213684082
2003-07-14,30.899999618530273,29.959999084472656,30.260000228881836,29.979999542236328,2347600.0,17.66258430480957
2003-07-15,30.530000686645508,29.90999984741211,30.469999313354492,30.200000762939453,2113000.0,17.792190551757812
2003-07-16,30.459999084472656,29.540000915527344,30.459999084472656,30.049999237060547,1831700.0,17.703819274902344
2003-07-17,30.239999771118164,29.25,30.18000030517578,29.309999465942383,2251900.0,17.267852783203125
2003-07-18,29.649999618530273,29.0,29.489999771118164,29.459999084472656,1755300.0,17.356224060058594
2003-07-21,29.600000381469727,28.68000030517578,29.579999923706055,29.0,2225600.0,17.0852108001709
2003-07-22,29.989999771118164,28.90999984741211,29.440000534057617,29.700000762939453,2334900.0,17.49761962890625
2003-07-23,29.979999542236328,28.950000762939453,29.959999084472656,29.700000762939453,1859700.0,17.49761962890625
2003-07-24,31.0,29.719999313354492,30.190000534057617,29.90999984741211,3752000.0,17.621337890625
2003-07-25,30.8799991607666,29.850000381469727,30.170000076293945,30.739999771118164,2116100.0,18.110332489013672
2003-07-28,31.809999465942383,30.510000228881836,30.81999969482422,31.549999237060547,3496600.0,18.58753776550293
2003-07-29,31.510000228881836,30.510000228881836,31.31999969482422,31.290000915527344,2800200.0,18.43436622619629
2003-07-30,31.59000015258789,30.59000015258789,31.579999923706055,31.149999618530273,2223900.0,18.4166259765625
2003-07-31,33.66999816894531,31.260000228881836,31.65999984741211,32.400001525878906,5830500.0,19.155656814575195
2003-08-01,32.650001525878906,31.690000534057617,32.540000915527344,32.16999816894531,2948300.0,19.01966667175293
2003-08-04,32.83000183105469,31.459999084472656,31.90999984741211,32.459999084472656,2632500.0,19.191125869750977
2003-08-05,32.70000076293945,31.520000457763672,32.45000076293945,31.739999771118164,2005300.0,18.765451431274414
2003-08-06,32.79999923706055,31.020000457763672,31.520000457763672,31.940000534057617,3731600.0,18.883695602416992
2003-08-07,33.150001525878906,31.8700008392334,31.959999084472656,32.810001373291016,3917900.0,19.398052215576172
2003-08-08,33.40999984741211,32.70000076293945,32.81999969482422,33.16999816894531,2434000.0,19.61089324951172
2003-08-11,34.11000061035156,32.900001525878906,33.18000030517578,34.0,2997400.0,20.10161018371582
2003-08-12,34.16999816894531,33.29999923706055,34.09000015258789,34.08000183105469,2119000.0,20.14890480041504
2003-08-13,34.54999923706055,33.619998931884766,33.900001525878906,34.27000045776367,2449700.0,20.261241912841797
2003-08-14,35.15999984741211,34.209999084472656,34.209999084472656,34.970001220703125,2501400.0,20.67510223388672
2003-08-15,35.77000045776367,34.43000030517578,34.97999954223633,35.40999984741211,1218800.0,20.935232162475586
2003-08-18,35.939998626708984,35.25,35.54999923706055,35.790000915527344,1974200.0,21.15989875793457
2003-08-19,36.0,35.15999984741211,35.900001525878906,35.880001068115234,2281900.0,21.213111877441406
2003-08-20,35.79999923706055,35.20000076293945,35.7400016784668,35.47999954223633,1799600.0,20.976621627807617
2003-08-21,36.54999923706055,35.40999984741211,35.900001525878906,36.529998779296875,3084800.0,21.597408294677734
2003-08-22,37.06999969482422,35.47999954223633,36.900001525878906,35.790000915527344,2376700.0,21.15989875793457
2003-08-25,36.02000045776367,35.130001068115234,35.54999923706055,36.02000045776367,1888600.0,21.29587745666504
2003-08-26,35.97999954223633,34.7599983215332,35.81999969482422,35.66999816894531,2974800.0,21.088951110839844
2003-08-27,35.77000045776367,35.25,35.5,35.52000045776367,1820900.0,21.000268936157227
2003-08-28,36.220001220703125,35.04999923706055,35.52000045776367,35.97999954223633,1764300.0,21.272235870361328
2003-08-29,36.16999816894531,35.72999954223633,35.90999984741211,36.040000915527344,1431200.0,21.307710647583008
2003-09-02,37.25,36.0,36.290000915527344,37.15999984741211,3696100.0,21.969873428344727
2003-09-03,37.5,36.47999954223633,37.33000183105469,36.689998626708984,2671200.0,21.692007064819336
2003-09-04,37.040000915527344,36.4900016784668,36.599998474121094,36.779998779296875,3184400.0,21.745216369628906
2003-09-05,36.81999969482422,35.459999084472656,36.81999969482422,35.91999816894531,3580000.0,21.236764907836914
2003-09-08,36.18000030517578,35.29999923706055,35.36000061035156,35.86000061035156,2833000.0,21.20128631591797
2003-09-09,36.0099983215332,35.2599983215332,35.59000015258789,35.790000915527344,2368300.0,21.15989875793457
2003-09-10,35.77000045776367,34.63999938964844,35.66999816894531,34.849998474121094,2019400.0,20.60414695739746
2003-09-11,35.0,34.349998474121094,34.9900016784668,34.52000045776367,2599400.0,20.40904426574707
2003-09-12,35.040000915527344,34.02000045776367,34.5099983215332,34.86000061035156,1906500.0,20.61005973815918
2003-09-15,34.95000076293945,34.20000076293945,34.790000915527344,34.439998626708984,2315300.0,20.361743927001953
2003-09-16,34.959999084472656,34.310001373291016,34.4900016784668,34.84000015258789,2335100.0,20.598236083984375
2003-09-17,35.150001525878906,34.25,34.91999816894531,34.29999923706055,2222600.0,20.278972625732422
2003-09-18,35.40999984741211,34.40999984741211,34.529998779296875,35.150001525878906,2526100.0,20.781513214111328
2003-09-19,35.5099983215332,34.5,35.45000076293945,34.9900016784668,2150500.0,20.686920166015625
2003-09-22,34.9900016784668,34.209999084472656,34.68000030517578,34.40999984741211,1492200.0,20.344009399414062
2003-09-23,34.810001373291016,33.900001525878906,34.65999984741211,34.59000015258789,2054200.0,20.4504337310791
2003-09-24,35.5099983215332,33.9900016784668,35.4900016784668,34.099998474121094,3725400.0,20.160728454589844
2003-09-25,34.900001525878906,33.93000030517578,34.02000045776367,34.36000061035156,2414200.0,20.314449310302734
2003-09-26,34.709999084472656,33.90999984741211,34.099998474121094,34.22999954223633,1822900.0,20.237590789794922
2003-09-29,34.81999969482422,34.150001525878906,34.54999923706055,34.56999969482422,1790900.0,20.438610076904297
2003-09-30,34.650001525878906,33.54999923706055,34.25,34.099998474121094,3534100.0,20.160728454589844
2003-10-01,34.56999969482422,33.349998474121094,33.91999816894531,34.54999923706055,2723400.0,20.42677879333496
2003-10-02,34.849998474121094,34.04999923706055,34.47999954223633,34.7599983215332,2189300.0,20.55094337463379
2003-10-03,36.20000076293945,35.2599983215332,35.529998779296875,35.72999954223633,3355200.0,21.12442398071289
2003-10-06,36.29999923706055,35.63999938964844,35.84000015258789,36.13999938964844,1473800.0,21.366832733154297
2003-10-07,36.970001220703125,35.86000061035156,35.97999954223633,36.91999816894531,2637200.0,21.827980041503906
2003-10-08,36.939998626708984,36.15999984741211,36.91999816894531,36.38999938964844,1819900.0,21.514638900756836
2003-10-09,37.0,36.34000015258789,36.88999938964844,36.65999984741211,2850600.0,21.674257278442383
2003-10-10,37.18000030517578,36.720001220703125,36.77000045776367,37.150001525878906,2098200.0,21.963972091674805
2003-10-13,37.58000183105469,37.0,37.20000076293945,37.34000015258789,1375400.0,22.076303482055664
2003-10-14,37.91999816894531,37.130001068115234,37.25,37.849998474121094,1801100.0,22.377822875976562
2003-10-15,38.0,37.56999969482422,37.97999954223633,37.79999923706055,1553700.0,22.348262786865234
2003-10-16,37.41999816894531,36.7599983215332,37.2400016784668,37.29999923706055,3641700.0,22.05265235900879
2003-10-17,37.540000915527344,36.849998474121094,37.40999984741211,37.20000076293945,2919200.0,21.993528366088867
2003-10-20,37.5,37.0,37.0099983215332,37.380001068115234,1907300.0,22.099939346313477
2003-10-21,37.54999923706055,37.08000183105469,37.33000183105469,37.34000015258789,1599000.0,22.076303482055664
2003-10-22,37.20000076293945,36.68000030517578,37.029998779296875,37.0099983215332,2276500.0,21.88119125366211
2003-10-23,37.72999954223633,36.95000076293945,37.18000030517578,37.470001220703125,2444700.0,22.15316390991211
2003-10-24,37.65999984741211,36.70000076293945,37.189998626708984,37.56999969482422,2031700.0,22.21227264404297
2003-10-27,37.79999923706055,37.0,37.68000030517578,37.40999984741211,2018400.0,22.1176815032959
2003-10-28,38.20000076293945,37.11000061035156,37.61000061035156,38.11000061035156,2446300.0,22.531545639038086
2003-10-29,38.599998474121094,38.0,38.25,38.33000183105469,1625300.0,22.66160774230957
2003-10-30,38.779998779296875,37.97999954223633,38.77000045776367,38.15999984741211,1518900.0,22.631954193115234
2003-10-31,39.189998626708984,38.5,38.720001220703125,38.91999816894531,2413900.0,23.082700729370117
2003-11-03,39.58000183105469,38.79999923706055,38.81999969482422,39.119998931884766,1824100.0,23.201313018798828
2003-11-04,39.0099983215332,38.18000030517578,38.880001068115234,38.779998779296875,2371000.0,22.999664306640625
2003-11-05,39.599998474121094,38.880001068115234,39.2599983215332,39.16999816894531,2900400.0,23.230966567993164
2003-11-06,39.13999938964844,38.150001525878906,39.060001373291016,38.939998626708984,4144700.0,23.094552993774414
2003-11-07,40.09000015258789,39.02000045776367,39.029998779296875,39.75,3650400.0,23.574953079223633
2003-11-10,39.79999923706055,39.060001373291016,39.349998474121094,39.130001068115234,1401700.0,23.20724868774414
2003-11-11,39.65999984741211,38.900001525878906,39.13999938964844,39.31999969482422,1627500.0,23.319929122924805
2003-11-12,40.540000915527344,39.2599983215332,39.29999923706055,40.13999938964844,2415900.0,23.806255340576172
2003-11-13,40.13999938964844,39.5099983215332,39.709999084472656,40.099998474121094,1849400.0,23.782529830932617
2003-11-14,40.43000030517578,38.810001373291016,40.040000915527344,38.849998474121094,2817800.0,23.041179656982422
2003-11-17,39.0,37.720001220703125,38.709999084472656,38.06999969482422,2855100.0,22.57857322692871
2003-11-18,38.619998931884766,37.40999984741211,38.13999938964844,37.560001373291016,2007200.0,22.276105880737305
2003-11-19,37.9900016784668,37.2599983215332,37.369998931884766,37.5099983215332,2349900.0,22.246448516845703
2003-11-20,38.08000183105469,36.93000030517578,37.18000030517578,37.439998626708984,2234300.0,22.20494270324707
2003-11-21,37.90999984741211,37.0,37.310001373291016,37.47999954223633,1633800.0,22.228662490844727
2003-11-24,38.88999938964844,37.7400016784668,38.0,38.66999816894531,2748600.0,22.934417724609375
2003-11-25,38.63999938964844,37.61000061035156,38.540000915527344,38.400001525878906,2118900.0,22.7742977142334
2003-11-26,38.70000076293945,37.70000076293945,38.40999984741211,38.459999084472656,1394600.0,22.80987548828125
2003-11-28,38.70000076293945,38.18000030517578,38.650001525878906,38.439998626708984,459500.0,22.798015594482422
2003-12-01,39.25,38.52000045776367,38.59000015258789,39.119998931884766,1841700.0,23.201313018798828
2003-12-02,39.58000183105469,38.58000183105469,38.95000076293945,39.2599983215332,1803800.0,23.284343719482422
2003-12-03,40.0,39.04999923706055,39.400001525878906,39.150001525878906,2492800.0,23.219106674194336
2003-12-04,39.65999984741211,38.7599983215332,39.04999923706055,39.56999969482422,1712500.0,23.468198776245117
2003-12-05,39.470001220703125,38.0,39.150001525878906,38.34000015258789,2720000.0,22.738706588745117
2003-12-08,38.95000076293945,38.34000015258789,38.380001068115234,38.7400016784668,1959500.0,22.975954055786133
2003-12-09,39.150001525878906,38.0099983215332,39.02000045776367,38.11000061035156,1793200.0,22.602310180664062
2003-12-10,38.439998626708984,38.0099983215332,38.29999923706055,38.29999923706055,1786800.0,22.714994430541992
2003-12-11,39.540000915527344,38.16999816894531,38.18000030517578,39.130001068115234,2072800.0,23.20724868774414
2003-12-12,39.25,38.06999969482422,38.939998626708984,38.61000061035156,2607400.0,22.898841857910156
2003-12-15,39.29999923706055,37.25,38.86000061035156,37.77000045776367,2810100.0,22.40065574645996
2003-12-16,38.33000183105469,37.25,37.27000045776367,38.130001068115234,1827300.0,22.614164352416992
2003-12-17,38.29999923706055,37.68000030517578,38.29999923706055,38.150001525878906,1827300.0,22.626020431518555
2003-12-18,38.97999954223633,37.91999816894531,38.22999954223633,38.97999954223633,1784700.0,23.118282318115234
2003-12-19,37.90999984741211,35.720001220703125,37.84000015258789,36.52000045776367,12190400.0,21.659303665161133
2003-12-22,37.349998474121094,36.20000076293945,36.66999816894531,37.150001525878906,3547200.0,22.0329532623291
2003-12-23,37.25,36.75,37.20000076293945,36.939998626708984,2698600.0,21.90839385986328
2003-12-24,37.060001373291016,36.630001068115234,36.91999816894531,36.91999816894531,1382100.0,21.896530151367188
2003-12-26,37.099998474121094,36.66999816894531,36.900001525878906,36.70000076293945,999100.0,21.76605987548828
2003-12-29,37.099998474121094,36.619998931884766,36.95000076293945,37.0,1769300.0,21.943984985351562
2003-12-30,37.189998626708984,36.540000915527344,37.099998474121094,36.86000061035156,2151100.0,21.860958099365234
2003-12-31,37.380001068115234,36.79999923706055,37.15999984741211,37.20000076293945,1903400.0,22.062597274780273
2004-01-02,37.400001525878906,36.66999816894531,37.36000061035156,36.84000015258789,1413200.0,21.849082946777344
2004-01-05,37.040000915527344,36.41999816894531,36.849998474121094,36.7400016784668,2566500.0,21.789783477783203
2004-01-06,36.790000915527344,36.0,36.4900016784668,36.25,2928300.0,21.499177932739258
2004-01-07,36.279998779296875,35.7400016784668,36.0,36.0,3828300.0,21.350900650024414
2004-01-08,36.36000061035156,35.66999816894531,35.66999816894531,36.15999984741211,2277500.0,21.445791244506836
2004-01-09,36.25,35.689998626708984,35.9900016784668,35.810001373291016,2443900.0,21.238218307495117
2004-01-12,35.790000915527344,35.38999938964844,35.7599983215332,35.58000183105469,2410100.0,21.1018123626709
2004-01-13,35.619998931884766,34.75,35.4900016784668,35.25,2889200.0,20.90608787536621
2004-01-14,35.34000015258789,34.84000015258789,35.25,35.13999938964844,1773300.0,20.84085464477539
2004-01-15,35.56999969482422,34.38999938964844,35.2599983215332,35.310001373291016,3493700.0,20.94167709350586
2004-01-16,36.04999923706055,35.27000045776367,35.63999938964844,35.56999969482422,3966500.0,21.09588050842285
2004-01-20,35.779998779296875,35.150001525878906,35.400001525878906,35.5,3720500.0,21.054363250732422
2004-01-21,36.13999938964844,35.08000183105469,35.16999816894531,35.709999084472656,2255300.0,21.178909301757812
2004-01-22,36.29999923706055,35.65999984741211,36.09000015258789,36.02000045776367,2494100.0,21.36275863647461
2004-01-23,36.81999969482422,36.099998474121094,36.400001525878906,36.70000076293945,3470900.0,21.76605987548828
2004-01-26,36.95000076293945,36.0,36.08000183105469,36.810001373291016,1929000.0,21.831298828125
2004-01-27,36.97999954223633,36.06999969482422,36.709999084472656,36.54999923706055,2215200.0,21.677093505859375
2004-01-28,37.04999923706055,36.52000045776367,36.75,36.84000015258789,2635800.0,21.849082946777344
2004-01-29,37.47999954223633,36.61000061035156,36.90999984741211,37.31999969482422,3718400.0,22.206096649169922
2004-01-30,37.849998474121094,37.349998474121094,37.4900016784668,37.47999954223633,2753700.0,22.301301956176758
2004-02-02,37.61000061035156,36.65999984741211,37.31999969482422,36.86000061035156,2225200.0,21.932401657104492
2004-02-03,36.75,36.11000061035156,36.75,36.40999984741211,2042600.0,21.66463279724121
2004-02-04,36.720001220703125,36.0,36.36000061035156,36.209999084472656,1957400.0,21.545631408691406
2004-02-05,36.5,35.52000045776367,36.45000076293945,35.810001373291016,2505000.0,21.3076229095459
2004-02-06,36.470001220703125,34.880001068115234,35.79999923706055,36.369998931884766,2953500.0,21.64083480834961
2004-02-09,36.61000061035156,36.099998474121094,36.56999969482422,36.40999984741211,1388800.0,21.66463279724121
2004-02-10,36.65999984741211,36.0,36.470001220703125,36.290000915527344,1418600.0,21.593233108520508
2004-02-11,36.75,35.84000015258789,36.369998931884766,36.650001525878906,1280000.0,21.80743980407715
2004-02-12,36.4900016784668,35.790000915527344,36.369998931884766,36.029998779296875,1686400.0,21.43852424621582
2004-02-13,36.040000915527344,34.84000015258789,35.79999923706055,34.880001068115234,3231700.0,20.754257202148438
2004-02-17,35.52000045776367,34.91999816894531,35.29999923706055,35.18000030517578,2034800.0,20.932764053344727
2004-02-18,35.099998474121094,34.369998931884766,35.0,34.56999969482422,2901300.0,20.569805145263672
2004-02-19,35.02000045776367,34.16999816894531,34.869998931884766,34.29999923706055,2074500.0,20.40913963317871
2004-02-20,34.5,33.720001220703125,34.47999954223633,34.040000915527344,2500100.0,20.254436492919922
2004-02-23,34.560001373291016,33.31999969482422,33.75,33.5,2370500.0,19.93312644958496
2004-02-24,34.290000915527344,33.459999084472656,33.599998474121094,33.70000076293945,2400000.0,20.052133560180664
2004-02-25,33.93000030517578,32.70000076293945,33.93000030517578,32.90999984741211,3053900.0,19.58207130432129
2004-02-26,33.0,31.739999771118164,32.77000045776367,31.899999618530273,4903400.0,18.98110580444336
2004-02-27,32.619998931884766,31.739999771118164,32.41999816894531,32.04999923706055,6566800.0,19.07034683227539
2004-03-01,32.38999938964844,31.8799991607666,32.150001525878906,32.290000915527344,3262100.0,19.213157653808594
2004-03-02,32.709999084472656,32.09000015258789,32.15999984741211,32.279998779296875,3536500.0,19.20720863342285
2004-03-03,33.459999084472656,32.5099983215332,32.7400016784668,33.310001373291016,4504700.0,19.820077896118164
2004-03-04,34.279998779296875,33.5,33.959999084472656,33.900001525878906,5241300.0,20.171138763427734
2004-03-05,33.939998626708984,33.0,33.29999923706055,33.08000183105469,3463300.0,19.6832218170166
2004-03-08,33.5,32.56999969482422,33.04999923706055,32.630001068115234,1969000.0,19.41546630859375
2004-03-09,33.75,32.70000076293945,33.0099983215332,33.439998626708984,3316100.0,19.897430419921875
2004-03-10,33.619998931884766,32.77000045776367,33.29999923706055,32.849998474121094,2459500.0,19.546367645263672
2004-03-11,33.689998626708984,32.779998779296875,33.400001525878906,32.959999084472656,3112000.0,19.611820220947266
2004-03-12,33.290000915527344,32.79999923706055,33.25,33.209999084472656,2552600.0,19.760576248168945
2004-03-15,33.209999084472656,32.349998474121094,32.7599983215332,32.5099983215332,2591500.0,19.34406089782715
2004-03-16,33.33000183105469,32.66999816894531,32.83000183105469,32.869998931884766,1832500.0,19.558263778686523
2004-03-17,33.5,32.869998931884766,32.970001220703125,33.29999923706055,1955300.0,19.81412124633789
2004-03-18,33.20000076293945,32.66999816894531,32.709999084472656,32.79999923706055,1828600.0,19.516616821289062
2004-03-19,34.75,33.369998931884766,33.560001373291016,34.0099983215332,5207500.0,20.23659324645996
2004-03-22,34.099998474121094,33.08000183105469,33.81999969482422,33.84000015258789,2361800.0,20.135433197021484
2004-03-23,34.290000915527344,33.369998931884766,33.90999984741211,33.939998626708984,2995900.0,20.19493865966797
2004-03-24,34.25,33.599998474121094,33.90999984741211,33.88999938964844,1765400.0,20.165193557739258
2004-03-25,35.25,33.90999984741211,34.029998779296875,35.20000076293945,3142000.0,20.94466209411621
2004-03-26,35.40999984741211,34.959999084472656,35.220001220703125,35.150001525878906,1915000.0,20.91490936279297
2004-03-29,35.7599983215332,35.04999923706055,35.40999984741211,35.709999084472656,1818200.0,21.24812126159668
2004-03-30,35.95000076293945,35.529998779296875,35.529998779296875,35.95000076293945,1382300.0,21.39093017578125
2004-03-31,36.099998474121094,35.209999084472656,36.09000015258789,35.599998474121094,1929000.0,21.182666778564453
2004-04-01,36.34000015258789,35.54999923706055,35.790000915527344,36.220001220703125,1867500.0,21.55158233642578
2004-04-02,38.7400016784668,37.099998474121094,37.31999969482422,38.369998931884766,5453400.0,22.83087158203125
2004-04-05,38.459999084472656,37.529998779296875,38.16999816894531,38.27000045776367,2727700.0,22.771373748779297
2004-04-06,38.25,37.189998626708984,37.93000030517578,38.130001068115234,2501000.0,22.688066482543945
2004-04-07,38.119998931884766,37.58000183105469,37.599998474121094,37.93000030517578,1488000.0,22.569063186645508
2004-04-08,38.25,37.529998779296875,37.939998626708984,37.720001220703125,1277700.0,22.444103240966797
2004-04-12,38.75,37.779998779296875,37.779998779296875,38.689998626708984,1674800.0,23.021278381347656
2004-04-13,39.119998931884766,37.90999984741211,38.75,38.150001525878906,2375500.0,22.699962615966797
2004-04-14,38.68000030517578,37.83000183105469,37.9900016784668,38.5,1647600.0,22.90821647644043
2004-04-15,39.060001373291016,38.529998779296875,38.63999938964844,38.79999923706055,2999900.0,23.08672523498535
2004-04-16,39.0099983215332,38.45000076293945,38.97999954223633,38.63999938964844,3079500.0,22.991527557373047
2004-04-19,39.040000915527344,38.52000045776367,38.79999923706055,38.970001220703125,1404000.0,23.18789291381836
2004-04-20,38.970001220703125,37.90999984741211,38.869998931884766,37.9900016784668,1612800.0,22.604755401611328
2004-04-21,38.27000045776367,37.25,38.04999923706055,38.02000045776367,2108600.0,22.62261390686035
2004-04-22,38.810001373291016,37.66999816894531,37.849998474121094,38.470001220703125,1754500.0,22.89036750793457
2004-04-23,38.27000045776367,37.75,38.220001220703125,37.849998474121094,1942900.0,22.52146339416504
2004-04-26,37.88999938964844,36.56999969482422,37.88999938964844,36.86000061035156,3073100.0,21.932401657104492
2004-04-27,37.779998779296875,36.900001525878906,37.189998626708984,37.25,2271400.0,22.164443969726562
2004-04-28,37.599998474121094,36.63999938964844,37.40999984741211,37.11000061035156,1547400.0,22.081140518188477
2004-04-29,37.72999954223633,36.56999969482422,36.650001525878906,36.86000061035156,2106100.0,22.003551483154297
2004-04-30,37.70000076293945,36.91999816894531,37.25,37.16999816894531,2129400.0,22.1885986328125
2004-05-03,37.86000061035156,36.93000030517578,37.22999954223633,37.540000915527344,1969800.0,22.40946388244629
2004-05-04,37.52000045776367,36.75,37.380001068115234,37.029998779296875,2397500.0,22.105024337768555
2004-05-05,37.150001525878906,36.650001525878906,36.95000076293945,36.959999084472656,1914100.0,22.063236236572266
2004-05-06,37.29999923706055,36.79999923706055,36.81999969482422,37.04999923706055,2431500.0,22.11696434020996
2004-05-07,38.72999954223633,37.220001220703125,37.56999969482422,37.599998474121094,5321700.0,22.445289611816406
2004-05-10,38.31999969482422,37.16999816894531,37.400001525878906,37.83000183105469,3557200.0,22.582592010498047
2004-05-11,37.83000183105469,37.25,37.77000045776367,37.709999084472656,2086300.0,22.510948181152344
2004-05-12,37.58000183105469,36.5,37.220001220703125,37.38999938964844,2640900.0,22.319929122924805
2004-05-13,37.869998931884766,37.040000915527344,37.43000030517578,37.66999816894531,1467000.0,22.487070083618164
2004-05-14,38.099998474121094,37.0,37.70000076293945,37.43000030517578,1329500.0,22.34380340576172
2004-05-17,37.59000015258789,36.099998474121094,37.5,36.41999816894531,2599000.0,21.740888595581055
2004-05-18,37.130001068115234,36.540000915527344,36.900001525878906,36.79999923706055,1866400.0,21.967721939086914
2004-05-19,37.02000045776367,36.47999954223633,37.02000045776367,36.66999816894531,2018900.0,21.890119552612305
2004-05-20,36.709999084472656,35.88999938964844,36.56999969482422,36.15999984741211,2216200.0,21.58567237854004
2004-05-21,36.470001220703125,36.0,36.279998779296875,36.380001068115234,1797900.0,21.71700668334961
2004-05-24,36.58000183105469,35.97999954223633,36.52000045776367,36.189998626708984,1253800.0,21.60358238220215
2004-05-25,37.369998931884766,36.04999923706055,36.060001373291016,37.130001068115234,2705000.0,22.164710998535156
2004-05-26,37.52000045776367,36.75,37.02000045776367,37.38999938964844,1290500.0,22.319929122924805
2004-05-27,37.959999084472656,37.150001525878906,37.66999816894531,37.91999816894531,1651400.0,22.636302947998047
2004-05-28,37.959999084472656,37.5099983215332,37.86000061035156,37.5099983215332,1026500.0,22.391555786132812
2004-06-01,38.189998626708984,37.20000076293945,37.369998931884766,38.150001525878906,1838000.0,22.773603439331055
2004-06-02,38.560001373291016,37.880001068115234,38.0,38.40999984741211,1578900.0,22.928804397583008
2004-06-03,38.790000915527344,38.04999923706055,38.11000061035156,38.16999816894531,1518600.0,22.78554344177246
2004-06-04,38.41999816894531,37.709999084472656,38.41999816894531,37.91999816894531,1613100.0,22.636302947998047
2004-06-07,38.59000015258789,37.72999954223633,38.09000015258789,38.540000915527344,1034700.0,23.00641632080078
2004-06-08,38.880001068115234,38.25,38.689998626708984,38.84000015258789,1829700.0,23.185497283935547
2004-06-09,38.7599983215332,38.18000030517578,38.560001373291016,38.279998779296875,1307600.0,22.851213455200195
2004-06-10,38.52000045776367,38.0,38.43000030517578,38.25,1199100.0,22.833297729492188
2004-06-14,38.06999969482422,37.349998474121094,38.040000915527344,37.5099983215332,1411600.0,22.391555786132812
2004-06-15,38.189998626708984,37.65999984741211,37.7599983215332,37.970001220703125,1501900.0,22.666156768798828
2004-06-16,38.29999923706055,37.86000061035156,37.88999938964844,38.06999969482422,1101400.0,22.725845336914062
2004-06-17,38.150001525878906,37.290000915527344,38.09000015258789,37.380001068115234,1699300.0,22.313947677612305
2004-06-18,38.400001525878906,37.02000045776367,37.2400016784668,37.709999084472656,2241200.0,22.510948181152344
2004-06-21,37.70000076293945,36.47999954223633,37.61000061035156,36.810001373291016,3175700.0,21.973697662353516
2004-06-22,37.06999969482422,36.5099983215332,36.869998931884766,36.9900016784668,2445200.0,22.081146240234375
2004-06-23,37.0,36.70000076293945,36.95000076293945,36.939998626708984,2037800.0,22.05129623413086
2004-06-24,37.029998779296875,36.5,36.88999938964844,36.689998626708984,2705500.0,21.90206527709961
2004-06-25,35.02000045776367,32.869998931884766,34.90999984741211,33.91999816894531,13685900.0,20.248516082763672
2004-06-28,34.08000183105469,32.61000061035156,33.650001525878906,33.0099983215332,5072000.0,19.705289840698242
2004-06-29,34.22999954223633,32.900001525878906,33.040000915527344,33.79999923706055,6093600.0,20.176877975463867
2004-06-30,34.099998474121094,33.540000915527344,33.939998626708984,33.880001068115234,2320100.0,20.224634170532227
2004-07-01,33.939998626708984,33.25,33.849998474121094,33.40999984741211,1977200.0,19.94407081604004
2004-07-02,33.93000030517578,33.16999816894531,33.439998626708984,33.34000015258789,1685700.0,19.902278900146484
2004-07-06,33.5,32.58000183105469,33.380001068115234,32.75,2158200.0,19.550085067749023
2004-07-07,33.040000915527344,31.959999084472656,32.90999984741211,32.08000183105469,3157500.0,19.150131225585938
2004-07-08,32.29999923706055,31.75,32.2400016784668,31.790000915527344,2052600.0,18.977012634277344
2004-07-09,32.0,31.43000030517578,31.809999465942383,32.0,2504300.0,19.10236930847168
2004-07-12,32.119998931884766,31.290000915527344,31.719999313354492,31.8799991607666,2060700.0,19.030736923217773
2004-07-13,32.13999938964844,31.459999084472656,31.899999618530273,31.459999084472656,2008700.0,18.780012130737305
2004-07-14,31.709999084472656,30.770000457763672,31.309999465942383,30.90999984741211,1890700.0,18.45170021057129
2004-07-15,31.90999984741211,30.65999984741211,31.760000228881836,30.670000076293945,4129000.0,18.308427810668945
2004-07-16,31.0,30.149999618530273,30.90999984741211,30.200000762939453,3133800.0,18.02785873413086
2004-07-19,30.84000015258789,30.25,30.34000015258789,30.290000915527344,2207200.0,18.081588745117188
2004-07-20,30.700000762939453,30.18000030517578,30.3799991607666,30.43000030517578,3112600.0,18.1651668548584
2004-07-21,30.600000381469727,29.809999465942383,30.360000610351562,29.809999465942383,2759100.0,17.79505157470703
2004-07-22,30.18000030517578,29.059999465942383,29.799999237060547,29.969999313354492,3840600.0,17.89056968688965
2004-07-23,30.3700008392334,29.790000915527344,29.989999771118164,30.1299991607666,2086900.0,17.98607635498047
2004-07-26,30.59000015258789,29.989999771118164,30.1299991607666,30.469999313354492,2636200.0,18.189035415649414
2004-07-27,30.84000015258789,29.899999618530273,30.510000228881836,30.049999237060547,3234700.0,17.938325881958008
2004-07-28,30.09000015258789,29.329999923706055,29.899999618530273,29.790000915527344,2588300.0,17.78311538696289
2004-07-29,30.0,29.459999084472656,29.969999313354492,29.979999542236328,2588900.0,17.968917846679688
2004-07-30,30.8700008392334,29.829999923706055,30.040000915527344,30.709999084472656,2848200.0,18.40645408630371
2004-08-02,31.209999084472656,30.5,30.700000762939453,31.06999969482422,2083400.0,18.622228622436523
2004-08-03,31.219999313354492,30.549999237060547,30.549999237060547,31.0,2315000.0,18.580263137817383
2004-08-04,31.190000534057617,30.770000457763672,30.959999084472656,31.110000610351562,2054100.0,18.646198272705078
2004-08-05,31.229999542236328,30.200000762939453,31.229999542236328,30.260000228881836,2147800.0,18.136734008789062
2004-08-06,29.739999771118164,29.059999465942383,29.479999542236328,29.219999313354492,4291700.0,17.513399124145508
2004-08-09,29.510000228881836,28.829999923706055,29.219999313354492,29.040000915527344,1452600.0,17.405519485473633
2004-08-10,30.059999465942383,29.110000610351562,29.40999984741211,29.889999389648438,1934300.0,17.914979934692383
2004-08-11,30.299999237060547,29.5,29.84000015258789,30.18000030517578,1795800.0,18.088794708251953
2004-08-12,30.110000610351562,29.649999618530273,29.860000610351562,29.93000030517578,1678200.0,17.938941955566406
2004-08-13,30.059999465942383,29.329999923706055,30.0,29.809999465942383,1657900.0,17.867023468017578
2004-08-16,30.5,29.6200008392334,29.969999313354492,29.969999313354492,1714400.0,17.962926864624023
2004-08-17,30.200000762939453,29.700000762939453,29.84000015258789,30.149999618530273,1669200.0,18.07080841064453
2004-08-18,30.329999923706055,29.799999237060547,30.200000762939453,30.270000457763672,1648100.0,18.14272689819336
2004-08-19,30.299999237060547,29.719999313354492,30.15999984741211,30.020000457763672,1702400.0,17.992889404296875
2004-08-20,30.15999984741211,29.829999923706055,29.969999313354492,29.959999084472656,2198900.0,17.956932067871094
2004-08-23,30.110000610351562,29.75,29.90999984741211,30.049999237060547,1457300.0,18.01087760925293
2004-08-24,30.149999618530273,29.639999389648438,30.059999465942383,29.799999237060547,1762800.0,17.86103057861328
2004-08-25,30.09000015258789,29.639999389648438,29.889999389648438,30.06999969482422,2583700.0,18.022863388061523
2004-08-26,30.229999542236328,29.8700008392334,29.969999313354492,30.06999969482422,1057700.0,18.022863388061523
2004-08-27,30.270000457763672,29.979999542236328,30.059999465942383,30.0,1146100.0,17.980905532836914
2004-08-30,30.100000381469727,29.670000076293945,29.90999984741211,29.760000228881836,1005800.0,17.837060928344727
2004-08-31,29.950000762939453,29.25,29.90999984741211,29.670000076293945,1664500.0,17.783119201660156
2004-09-01,29.920000076293945,29.25,29.510000228881836,29.729999542236328,1607800.0,17.81907081604004
2004-09-02,30.649999618530273,29.610000610351562,29.81999969482422,30.520000457763672,1526800.0,18.292573928833008
2004-09-03,31.40999984741211,30.489999771118164,30.690000534057617,30.899999618530273,1975400.0,18.520334243774414
2004-09-07,31.469999313354492,30.969999313354492,31.200000762939453,31.139999389648438,1718200.0,18.66417694091797
2004-09-08,31.559999465942383,30.93000030517578,31.25,31.239999771118164,1841800.0,18.724117279052734
2004-09-09,31.600000381469727,31.010000228881836,31.479999542236328,31.309999465942383,1076400.0,18.766071319580078
2004-09-10,31.670000076293945,31.059999465942383,31.3700008392334,31.450000762939453,1263500.0,18.84998321533203
2004-09-13,32.310001373291016,31.25,31.549999237060547,31.889999389648438,1898700.0,19.11370086669922
2004-09-14,31.889999389648438,31.43000030517578,31.829999923706055,31.549999237060547,2214900.0,18.90991973876953
2004-09-15,31.559999465942383,30.780000686645508,31.40999984741211,30.93000030517578,2091300.0,18.538311004638672
2004-09-16,31.299999237060547,30.889999389648438,31.079999923706055,30.959999084472656,1053000.0,18.556293487548828
2004-09-17,31.75,31.149999618530273,31.149999618530273,31.40999984741211,1892900.0,18.82600975036621
2004-09-20,31.459999084472656,31.1299991607666,31.350000381469727,31.219999313354492,1262100.0,18.712125778198242
2004-09-21,31.84000015258789,31.09000015258789,31.1200008392334,31.719999313354492,2363600.0,19.011802673339844
2004-09-22,31.68000030517578,30.43000030517578,31.6299991607666,30.6299991607666,3655300.0,18.35849952697754
2004-09-23,30.739999771118164,30.100000381469727,30.540000915527344,30.1200008392334,2445500.0,18.052824020385742
2004-09-24,30.610000610351562,29.969999313354492,30.1299991607666,30.06999969482422,1842200.0,18.022863388061523
2004-09-27,30.100000381469727,29.59000015258789,30.100000381469727,29.760000228881836,2129700.0,17.837060928344727
2004-09-28,29.950000762939453,29.360000610351562,29.889999389648438,29.68000030517578,2218500.0,17.789106369018555
2004-09-29,29.989999771118164,29.5,29.549999237060547,29.799999237060547,1415400.0,17.86103057861328
2004-09-30,30.450000762939453,29.520000457763672,29.700000762939453,30.149999618530273,3065700.0,18.07080841064453
2004-10-01,30.8700008392334,29.90999984741211,30.079999923706055,30.68000030517578,2595400.0,18.388473510742188
2004-10-04,31.1299991607666,30.030000686645508,30.610000610351562,30.700000762939453,2808500.0,18.400453567504883
2004-10-05,31.209999084472656,30.75,30.760000228881836,31.100000381469727,1951100.0,18.64019775390625
2004-10-06,31.719999313354492,30.940000534057617,31.149999618530273,31.719999313354492,2119500.0,19.011802673339844
2004-10-07,31.639999389648438,31.049999237060547,31.229999542236328,31.15999984741211,1777300.0,18.676166534423828
2004-10-08,30.989999771118164,30.049999237060547,30.850000381469727,30.100000381469727,2016400.0,18.040836334228516
2004-10-11,30.739999771118164,30.100000381469727,30.229999542236328,30.610000610351562,1221500.0,18.346511840820312
2004-10-12,30.790000915527344,30.309999465942383,30.729999542236328,30.610000610351562,1524100.0,18.346511840820312
2004-10-13,30.809999465942383,30.239999771118164,30.65999984741211,30.360000610351562,1499900.0,18.196674346923828
2004-10-14,30.65999984741211,30.010000228881836,30.31999969482422,30.049999237060547,958100.0,18.01087760925293
2004-10-15,31.049999237060547,30.09000015258789,30.270000457763672,30.540000915527344,1599000.0,18.30455780029297
2004-10-18,30.920000076293945,30.25,30.790000915527344,30.780000686645508,1769800.0,18.44840431213379
2004-10-19,31.600000381469727,30.709999084472656,30.770000457763672,31.040000915527344,2529000.0,18.604244232177734
2004-10-20,31.25,30.68000030517578,31.049999237060547,30.950000762939453,1635900.0,18.550296783447266
2004-10-21,31.139999389648438,30.6299991607666,31.1299991607666,31.110000610351562,1823700.0,18.646198272705078
2004-10-22,31.31999969482422,30.639999389648438,31.239999771118164,30.68000030517578,1318000.0,18.388473510742188
2004-10-25,31.959999084472656,30.65999984741211,30.950000762939453,31.790000915527344,3138500.0,19.05376434326172
2004-10-26,32.220001220703125,31.549999237060547,31.770000457763672,32.20000076293945,2234800.0,19.29950714111328
2004-10-27,32.7599983215332,31.850000381469727,32.099998474121094,32.65999984741211,2352300.0,19.575210571289062
2004-10-28,33.18000030517578,32.25,33.0099983215332,33.0,2599200.0,19.85803985595703
2004-10-29,33.220001220703125,32.52000045776367,32.65999984741211,32.790000915527344,1976400.0,19.731674194335938
2004-11-01,32.66999816894531,31.799999237060547,31.920000076293945,32.45000076293945,3369000.0,19.527069091796875
2004-11-02,33.150001525878906,32.2599983215332,32.540000915527344,32.83000183105469,1844100.0,19.7557373046875
2004-11-03,32.9900016784668,32.400001525878906,32.9900016784668,32.77000045776367,2812600.0,19.719635009765625
2004-11-04,33.5,32.7599983215332,32.95000076293945,33.310001373291016,1995700.0,20.04458236694336
2004-11-05,34.45000076293945,33.279998779296875,34.25,33.720001220703125,2436200.0,20.291296005249023
2004-11-08,33.79999923706055,33.22999954223633,33.79999923706055,33.529998779296875,1563600.0,20.17697525024414
2004-11-09,33.70000076293945,33.31999969482422,33.70000076293945,33.36000061035156,1030000.0,20.074670791625977
2004-11-10,33.68000030517578,33.20000076293945,33.630001068115234,33.33000183105469,1262500.0,20.05661964416504
2004-11-11,33.75,33.349998474121094,33.54999923706055,33.68000030517578,1101700.0,20.267230987548828
2004-11-12,33.75,33.349998474121094,33.63999938964844,33.75,1061900.0,20.309362411499023
2004-11-15,33.79999923706055,33.09000015258789,33.619998931884766,33.41999816894531,1825400.0,20.110776901245117
2004-11-16,33.439998626708984,33.06999969482422,33.349998474121094,33.13999938964844,1224100.0,19.942285537719727
2004-11-17,33.54999923706055,33.08000183105469,33.150001525878906,33.34000015258789,1159100.0,20.06262969970703
2004-11-18,33.36000061035156,33.060001373291016,33.29999923706055,33.2599983215332,1179200.0,20.01449203491211
2004-11-19,33.5,32.790000915527344,33.20000076293945,32.97999954223633,1553200.0,19.846004486083984
2004-11-22,33.70000076293945,32.97999954223633,33.09000015258789,33.529998779296875,1506600.0,20.17697525024414
2004-11-23,33.779998779296875,32.81999969482422,33.779998779296875,33.18000030517578,2355100.0,19.966354370117188
2004-11-24,33.5,33.040000915527344,33.099998474121094,33.43000030517578,1030200.0,20.116790771484375
2004-11-26,33.650001525878906,33.27000045776367,33.380001068115234,33.459999084472656,751600.0,20.134843826293945
2004-11-29,33.630001068115234,33.150001525878906,33.40999984741211,33.439998626708984,1354400.0,20.1228084564209
2004-11-30,33.43000030517578,33.15999984741211,33.25,33.15999984741211,1287600.0,19.95431900024414
2004-12-01,33.95000076293945,33.20000076293945,33.29999923706055,33.900001525878906,1896700.0,20.39961814880371
2004-12-02,33.90999984741211,33.43000030517578,33.77000045776367,33.779998779296875,970800.0,20.327409744262695
2004-12-03,33.650001525878906,33.25,33.650001525878906,33.310001373291016,1439800.0,20.04458236694336
2004-12-06,33.349998474121094,33.08000183105469,33.29999923706055,33.09000015258789,1134700.0,19.912195205688477
2004-12-07,33.380001068115234,32.66999816894531,33.150001525878906,32.790000915527344,1451100.0,19.731674194335938
2004-12-08,33.18000030517578,32.779998779296875,32.93000030517578,33.0099983215332,1032400.0,19.86405372619629
2004-12-09,33.41999816894531,32.54999923706055,32.95000076293945,33.369998931884766,1474700.0,20.080690383911133
2004-12-10,33.18000030517578,32.7400016784668,33.08000183105469,32.869998931884766,1334500.0,19.779808044433594
2004-12-13,32.970001220703125,32.209999084472656,32.90999984741211,32.59000015258789,1797900.0,19.611318588256836
2004-12-14,33.47999954223633,32.5099983215332,32.5099983215332,33.27000045776367,2202400.0,20.0205135345459
2004-12-15,33.470001220703125,33.0,33.31999969482422,33.220001220703125,1455200.0,19.990421295166016
2004-12-16,33.22999954223633,32.900001525878906,33.20000076293945,33.119998931884766,1117800.0,19.93025779724121
2004-12-17,33.970001220703125,33.02000045776367,33.2400016784668,33.119998931884766,2008600.0,19.93025779724121
2004-12-20,33.4900016784668,32.880001068115234,33.150001525878906,33.38999938964844,1563100.0,20.09272003173828
2004-12-21,33.81999969482422,33.27000045776367,33.41999816894531,33.79999923706055,1491200.0,20.339441299438477
2004-12-22,34.52000045776367,33.81999969482422,34.25,34.400001525878906,2656500.0,20.70050048828125
2004-12-23,34.56999969482422,34.220001220703125,34.470001220703125,34.27000045776367,1178500.0,20.62227439880371
2004-12-27,34.369998931884766,33.52000045776367,34.2599983215332,33.84000015258789,1684900.0,20.363515853881836
2004-12-28,34.34000015258789,33.779998779296875,33.939998626708984,34.150001525878906,1482000.0,20.550058364868164
2004-12-29,34.209999084472656,33.79999923706055,34.11000061035156,33.97999954223633,947200.0,20.447763442993164
2004-12-30,34.04999923706055,33.599998474121094,33.97999954223633,33.720001220703125,1024800.0,20.291296005249023
2004-12-31,34.31999969482422,33.58000183105469,33.66999816894531,34.08000183105469,1463100.0,20.507932662963867
2005-01-03,34.15999984741211,33.150001525878906,34.08000183105469,33.400001525878906,2383800.0,20.098745346069336
2005-01-04,33.779998779296875,32.70000076293945,33.70000076293945,32.72999954223633,1628300.0,19.695568084716797
2005-01-05,33.0,32.5,32.93000030517578,32.5,1232300.0,19.55716323852539
2005-01-06,32.689998626708984,32.18000030517578,32.689998626708984,32.220001220703125,1805600.0,19.38866424560547
2005-01-07,32.54999923706055,31.959999084472656,32.4900016784668,32.11000061035156,1734600.0,19.322471618652344
2005-01-10,32.22999954223633,31.770000457763672,31.969999313354492,31.860000610351562,1840000.0,19.172033309936523
2005-01-11,31.950000762939453,31.489999771118164,31.850000381469727,31.8799991607666,1620100.0,19.184066772460938
2005-01-12,32.040000915527344,31.209999084472656,32.0,31.579999923706055,1779000.0,19.003543853759766
2005-01-13,31.440000534057617,30.780000686645508,31.40999984741211,30.889999389648438,1849300.0,18.58832550048828
2005-01-14,31.18000030517578,30.84000015258789,30.950000762939453,31.139999389648438,1952100.0,18.7387638092041
2005-01-18,31.59000015258789,30.850000381469727,30.979999542236328,31.469999313354492,2663500.0,18.93734359741211
2005-01-19,31.729999542236328,31.18000030517578,31.59000015258789,31.299999237060547,2211000.0,18.83504867553711
2005-01-20,31.690000534057617,30.889999389648438,31.549999237060547,30.989999771118164,2113900.0,18.648502349853516
2005-01-21,31.389999389648438,30.3700008392334,31.09000015258789,30.510000228881836,3378000.0,18.359657287597656
2005-01-24,31.049999237060547,30.549999237060547,30.790000915527344,30.75,2701700.0,18.50408172607422
2005-01-25,31.09000015258789,30.700000762939453,30.899999618530273,30.780000686645508,1640100.0,18.522132873535156
2005-01-26,30.979999542236328,30.350000381469727,30.780000686645508,30.450000762939453,2178500.0,18.32354736328125
2005-01-27,30.56999969482422,30.079999923706055,30.510000228881836,30.489999771118164,1747700.0,18.34762191772461
2005-01-28,30.5,29.690000534057617,30.450000762939453,30.1299991607666,1865600.0,18.208629608154297
2005-01-31,30.600000381469727,30.239999771118164,30.40999984741211,30.489999771118164,1755700.0,18.42618751525879
2005-02-01,30.610000610351562,30.149999618530273,30.600000381469727,30.219999313354492,2141600.0,18.263017654418945
2005-02-02,30.280000686645508,29.860000610351562,30.190000534057617,30.030000686645508,1631400.0,18.148189544677734
2005-02-03,30.5,29.739999771118164,30.06999969482422,30.260000228881836,2955600.0,18.287187576293945
2005-02-04,30.40999984741211,29.889999389648438,30.299999237060547,29.940000534057617,2322000.0,18.093801498413086
2005-02-07,31.079999923706055,30.3799991607666,30.530000686645508,30.809999465942383,3609000.0,18.619569778442383
2005-02-08,31.309999465942383,30.850000381469727,31.040000915527344,31.290000915527344,2317400.0,18.90965461730957
2005-02-09,31.389999389648438,30.670000076293945,31.3799991607666,30.760000228881836,1620500.0,18.58935546875
2005-02-10,31.100000381469727,30.700000762939453,31.06999969482422,30.950000762939453,1320400.0,18.704174041748047
2005-02-11,31.56999969482422,30.780000686645508,31.040000915527344,31.34000015258789,1466000.0,18.93987274169922
2005-02-14,31.559999465942383,31.010000228881836,31.549999237060547,31.139999389648438,922800.0,18.819005966186523
2005-02-15,31.770000457763672,31.030000686645508,31.25,31.309999465942383,2445100.0,18.921743392944336
2005-02-16,31.540000915527344,31.100000381469727,31.440000534057617,31.280000686645508,1760000.0,18.90361213684082
2005-02-17,31.399999618530273,30.899999618530273,31.280000686645508,30.959999084472656,1734700.0,18.710224151611328
2005-02-18,31.200000762939453,30.790000915527344,31.030000686645508,30.959999084472656,1131200.0,18.710224151611328
2005-02-22,31.219999313354492,30.760000228881836,30.84000015258789,30.760000228881836,1755900.0,18.58935546875
2005-02-23,31.010000228881836,30.56999969482422,30.8799991607666,30.670000076293945,1553200.0,18.53496742248535
2005-02-24,31.43000030517578,30.65999984741211,30.75,31.239999771118164,1476100.0,18.879432678222656
2005-02-25,31.639999389648438,31.049999237060547,31.270000457763672,31.530000686645508,1318400.0,19.05470085144043
2005-02-28,31.969999313354492,31.450000762939453,31.690000534057617,31.93000030517578,2150000.0,19.296430587768555
2005-03-01,32.09000015258789,31.790000915527344,31.90999984741211,31.989999771118164,1944700.0,19.33268928527832
2005-03-02,32.400001525878906,31.75,32.0,32.119998931884766,1332600.0,19.411251068115234
2005-03-03,32.400001525878906,31.979999542236328,32.2400016784668,32.130001068115234,1918900.0,19.417299270629883
2005-03-04,32.79999923706055,32.29999923706055,32.58000183105469,32.36000061035156,2087700.0,19.55628776550293
2005-03-07,33.13999938964844,32.400001525878906,32.47999954223633,32.77000045776367,2217900.0,19.804075241088867
2005-03-08,32.84000015258789,32.47999954223633,32.68000030517578,32.5,1175700.0,19.640899658203125
2005-03-09,32.65999984741211,32.16999816894531,32.40999984741211,32.209999084472656,1220100.0,19.465648651123047
2005-03-10,32.380001068115234,31.84000015258789,32.209999084472656,32.369998931884766,1178200.0,19.562335968017578
2005-03-11,32.52000045776367,31.860000610351562,32.349998474121094,31.959999084472656,1082100.0,19.314563751220703
2005-03-14,32.540000915527344,31.8799991607666,32.04999923706055,32.5099983215332,1747100.0,19.646947860717773
2005-03-15,32.68000030517578,31.829999923706055,32.63999938964844,31.8700008392334,1480500.0,19.260173797607422
2005-03-16,31.90999984741211,31.40999984741211,31.809999465942383,31.59000015258789,1995900.0,19.090959548950195
2005-03-17,31.829999923706055,31.389999389648438,31.5,31.540000915527344,1533100.0,19.06073570251465
2005-03-18,31.6299991607666,31.049999237060547,31.549999237060547,31.15999984741211,3791500.0,18.831092834472656
2005-03-21,31.5,31.079999923706055,31.190000534057617,31.100000381469727,2006500.0,18.794828414916992
2005-03-22,33.2400016784668,31.600000381469727,31.8799991607666,33.0099983215332,6544200.0,19.949111938476562
2005-03-23,34.689998626708984,33.0,33.0,34.04999923706055,5343700.0,20.577625274658203
2005-03-24,34.06999969482422,33.20000076293945,33.970001220703125,33.25,3483300.0,20.094148635864258
2005-03-28,33.279998779296875,32.66999816894531,33.150001525878906,32.790000915527344,3156300.0,19.816160202026367
2005-03-29,33.06999969482422,32.459999084472656,32.810001373291016,32.63999938964844,2336900.0,19.725509643554688
2005-03-30,33.16999816894531,32.65999984741211,32.849998474121094,33.0,2176900.0,19.94306755065918
2005-03-31,33.150001525878906,32.619998931884766,33.13999938964844,32.81999969482422,1603300.0,19.83428382873535
2005-04-01,33.06999969482422,32.220001220703125,33.0,32.22999954223633,1720400.0,19.477724075317383
2005-04-04,32.58000183105469,32.18000030517578,32.2400016784668,32.29999923706055,1507800.0,19.520036697387695
2005-04-05,32.47999954223633,32.119998931884766,32.47999954223633,32.279998779296875,1185300.0,19.507944107055664
2005-04-06,32.63999938964844,31.950000762939453,32.439998626708984,32.060001373291016,1222400.0,19.37499237060547
2005-04-07,32.5,32.119998931884766,32.279998779296875,32.5,999900.0,19.640899658203125
2005-04-08,32.59000015258789,32.0099983215332,32.54999923706055,32.0099983215332,906900.0,19.34477424621582
2005-04-11,32.29999923706055,32.0099983215332,32.04999923706055,32.119998931884766,838200.0,19.411251068115234
2005-04-12,32.439998626708984,31.790000915527344,32.22999954223633,32.369998931884766,1521500.0,19.562335968017578
2005-04-13,32.869998931884766,32.0,32.5,32.15999984741211,1477700.0,19.435426712036133
2005-04-14,32.970001220703125,31.979999542236328,32.130001068115234,32.060001373291016,2037800.0,19.37499237060547
2005-04-15,32.72999954223633,31.799999237060547,31.899999618530273,31.90999984741211,2885000.0,19.28434181213379
2005-04-18,32.16999816894531,31.190000534057617,31.8700008392334,31.440000534057617,2078700.0,19.000301361083984
2005-04-19,31.5,30.479999542236328,31.399999618530273,31.270000457763672,2779400.0,18.897567749023438
2005-04-20,31.440000534057617,30.530000686645508,31.239999771118164,30.600000381469727,2548200.0,18.492664337158203
2005-04-21,31.530000686645508,30.93000030517578,30.979999542236328,31.40999984741211,1689000.0,18.982173919677734
2005-04-22,31.59000015258789,30.610000610351562,31.549999237060547,30.75,1448500.0,18.583316802978516
2005-04-25,31.149999618530273,30.59000015258789,30.989999771118164,30.940000534057617,1664000.0,18.698143005371094
2005-04-26,30.969999313354492,30.43000030517578,30.700000762939453,30.479999542236328,1450200.0,18.420141220092773
2005-04-27,30.979999542236328,30.25,30.5,30.969999313354492,1784000.0,18.71627426147461
2005-04-28,31.010000228881836,30.299999237060547,30.68000030517578,30.420000076293945,1636800.0,18.46137046813965
2005-04-29,30.739999771118164,30.34000015258789,30.40999984741211,30.600000381469727,1766900.0,18.570615768432617
2005-05-02,30.84000015258789,30.40999984741211,30.5,30.479999542236328,1172200.0,18.497787475585938
2005-05-03,30.600000381469727,30.040000915527344,30.479999542236328,30.1200008392334,2251600.0,18.279315948486328
2005-05-04,30.709999084472656,30.139999389648438,30.440000534057617,30.670000076293945,1510100.0,18.61309051513672
2005-05-05,30.700000762939453,30.170000076293945,30.489999771118164,30.299999237060547,1449600.0,18.388551712036133
2005-05-06,31.530000686645508,30.559999465942383,30.600000381469727,30.850000381469727,2379600.0,18.72233772277832
2005-05-09,31.110000610351562,30.559999465942383,30.950000762939453,30.8799991607666,1514700.0,18.74054527282715
2005-05-10,30.600000381469727,30.200000762939453,30.600000381469727,30.280000686645508,1383900.0,18.37641716003418
2005-05-11,30.559999465942383,29.889999389648438,30.43000030517578,30.5,1581000.0,18.509923934936523
2005-05-12,30.700000762939453,29.969999313354492,30.579999923706055,30.170000076293945,1060100.0,18.309656143188477
2005-05-13,30.309999465942383,29.8700008392334,30.25,30.010000228881836,1859000.0,18.212553024291992
2005-05-16,30.1200008392334,29.84000015258789,30.079999923706055,30.030000686645508,1165300.0,18.22469711303711
2005-05-17,30.110000610351562,29.729999542236328,30.030000686645508,30.030000686645508,1947300.0,18.22469711303711
2005-05-18,30.100000381469727,29.6200008392334,30.100000381469727,29.709999084472656,3664600.0,18.03049087524414
2005-05-19,30.059999465942383,29.68000030517578,29.920000076293945,29.700000762939453,2172300.0,18.024415969848633
2005-05-20,29.920000076293945,29.139999389648438,29.920000076293945,29.530000686645508,3024700.0,17.92125129699707
2005-05-23,29.739999771118164,29.149999618530273,29.5,29.549999237060547,3162400.0,17.93338966369629
2005-05-24,29.719999313354492,29.350000381469727,29.639999389648438,29.549999237060547,2387200.0,17.93338966369629
2005-05-25,29.56999969482422,29.110000610351562,29.549999237060547,29.239999771118164,1588700.0,17.745256423950195
2005-05-26,29.530000686645508,29.209999084472656,29.309999465942383,29.290000915527344,2542000.0,17.775596618652344
2005-05-27,29.739999771118164,29.219999313354492,29.299999237060547,29.579999923706055,1737400.0,17.951595306396484
2005-05-31,29.559999465942383,28.799999237060547,29.5,28.8799991607666,3611400.0,17.526777267456055
2005-06-01,29.299999237060547,28.600000381469727,28.8700008392334,28.600000381469727,2560300.0,17.356849670410156
2005-06-02,29.68000030517578,28.84000015258789,29.0,29.610000610351562,2878100.0,17.969804763793945
2005-06-03,29.860000610351562,29.43000030517578,29.739999771118164,29.799999237060547,2461200.0,18.085107803344727
2005-06-06,30.239999771118164,29.75,29.799999237060547,30.049999237060547,2094600.0,18.236825942993164
2005-06-07,30.40999984741211,30.020000457763672,30.1299991607666,30.200000762939453,2862900.0,18.32785987854004
2005-06-08,30.450000762939453,29.799999237060547,30.209999084472656,30.049999237060547,2449500.0,18.236825942993164
2005-06-09,30.559999465942383,29.850000381469727,29.940000534057617,30.479999542236328,1907400.0,18.497787475585938
2005-06-10,30.510000228881836,30.010000228881836,30.3700008392334,30.1200008392334,1126100.0,18.279315948486328
2005-06-13,30.510000228881836,30.110000610351562,30.18000030517578,30.309999465942383,1943000.0,18.394617080688477
2005-06-14,30.3700008392334,30.1200008392334,30.229999542236328,30.3700008392334,1379700.0,18.4310302734375
2005-06-15,30.899999618530273,30.229999542236328,30.600000381469727,30.43000030517578,2059600.0,18.46744728088379
2005-06-16,30.56999969482422,30.200000762939453,30.43000030517578,30.31999969482422,1462400.0,18.40069007873535
2005-06-17,30.8700008392334,30.100000381469727,30.530000686645508,30.6299991607666,3657600.0,18.58881950378418
2005-06-20,30.860000610351562,30.34000015258789,30.360000610351562,30.760000228881836,1326200.0,18.667715072631836
2005-06-21,30.790000915527344,30.100000381469727,30.700000762939453,30.200000762939453,2339700.0,18.32785987854004
2005-06-22,30.610000610351562,30.079999923706055,30.520000457763672,30.170000076293945,1902800.0,18.309656143188477
2005-06-23,30.34000015258789,29.600000381469727,30.25,29.790000915527344,2243800.0,18.079044342041016
2005-06-24,29.93000030517578,29.600000381469727,29.799999237060547,29.770000457763672,2619500.0,18.066898345947266
2005-06-27,30.049999237060547,29.649999618530273,29.670000076293945,30.020000457763672,2941300.0,18.2186222076416
2005-06-28,33.720001220703125,31.40999984741211,31.459999084472656,33.0099983215332,13218000.0,20.033201217651367
2005-06-29,33.08000183105469,32.52000045776367,32.7599983215332,32.849998474121094,4077600.0,19.93610191345215
2005-06-30,32.959999084472656,32.4900016784668,32.77000045776367,32.52000045776367,2747500.0,19.73583221435547
2005-07-01,32.959999084472656,32.5,32.720001220703125,32.72999954223633,2198800.0,19.863279342651367
2005-07-05,33.310001373291016,32.59000015258789,33.29999923706055,33.029998779296875,1976200.0,20.045339584350586
2005-07-06,33.599998474121094,32.900001525878906,32.95000076293945,33.2599983215332,3360400.0,20.184921264648438
2005-07-07,33.83000183105469,32.900001525878906,32.9900016784668,33.68000030517578,2833000.0,20.43980598449707
2005-07-08,34.25,33.38999938964844,33.5,34.09000015258789,3633000.0,20.688629150390625
2005-07-11,34.5,33.810001373291016,34.29999923706055,34.459999084472656,3052100.0,20.913175582885742
2005-07-12,34.77000045776367,34.380001068115234,34.40999984741211,34.599998474121094,2566000.0,20.99814224243164
2005-07-13,34.70000076293945,34.45000076293945,34.58000183105469,34.630001068115234,1547600.0,21.01634979248047
2005-07-14,35.0,34.189998626708984,34.209999084472656,34.75,3000700.0,21.08917808532715
2005-07-15,35.02000045776367,34.720001220703125,34.849998474121094,34.7599983215332,1978100.0,21.095247268676758
2005-07-18,34.88999938964844,34.560001373291016,34.7599983215332,34.65999984741211,1732500.0,21.03455924987793
2005-07-19,34.95000076293945,34.560001373291016,34.599998474121094,34.869998931884766,1169200.0,21.161998748779297
2005-07-20,35.22999954223633,34.77000045776367,34.77000045776367,35.119998931884766,1790500.0,21.313720703125
2005-07-21,35.220001220703125,34.84000015258789,35.16999816894531,35.0,1855300.0,21.24089813232422
2005-07-22,35.11000061035156,34.56999969482422,35.0,34.88999938964844,2047700.0,21.17413902282715
2005-07-25,35.0099983215332,34.34000015258789,34.849998474121094,34.65999984741211,1726800.0,21.03455924987793
2005-07-26,34.91999816894531,34.34000015258789,34.61000061035156,34.84000015258789,1589300.0,21.143802642822266
2005-07-27,34.88999938964844,34.52000045776367,34.779998779296875,34.849998474121094,1396600.0,21.14986228942871
2005-07-28,35.20000076293945,34.61000061035156,34.90999984741211,35.08000183105469,1578100.0,21.369163513183594
2005-07-29,35.369998931884766,34.83000183105469,35.16999816894531,34.90999984741211,2003200.0,21.265607833862305
2005-08-01,35.09000015258789,34.7400016784668,34.779998779296875,34.86000061035156,1528900.0,21.23514175415039
2005-08-02,35.119998931884766,34.63999938964844,34.779998779296875,35.040000915527344,1019600.0,21.34480094909668
2005-08-03,35.27000045776367,34.40999984741211,34.810001373291016,35.25,3160100.0,21.47271728515625
2005-08-04,35.22999954223633,34.650001525878906,35.02000045776367,34.810001373291016,1589000.0,21.204687118530273
2005-08-05,34.93000030517578,34.52000045776367,34.790000915527344,34.650001525878906,1051900.0,21.107229232788086
2005-08-08,34.86000061035156,34.470001220703125,34.720001220703125,34.63999938964844,1221900.0,21.101139068603516
2005-08-09,34.81999969482422,34.43000030517578,34.79999923706055,34.599998474121094,1086300.0,21.076766967773438
2005-08-10,35.119998931884766,34.13999938964844,34.720001220703125,34.310001373291016,2110000.0,20.900114059448242
2005-08-11,34.70000076293945,34.349998474121094,34.41999816894531,34.59000015258789,1398000.0,21.070676803588867
2005-08-12,34.849998474121094,34.529998779296875,34.560001373291016,34.77000045776367,1300500.0,21.180322647094727
2005-08-15,34.95000076293945,34.5,34.599998474121094,34.86000061035156,904500.0,21.23514175415039
2005-08-16,34.90999984741211,34.56999969482422,34.83000183105469,34.630001068115234,1375400.0,21.09503936767578
2005-08-17,34.810001373291016,34.279998779296875,34.59000015258789,34.58000183105469,1122400.0,21.0645809173584
2005-08-18,34.619998931884766,34.13999938964844,34.400001525878906,34.400001525878906,891800.0,20.954938888549805
2005-08-19,34.540000915527344,34.040000915527344,34.189998626708984,34.40999984741211,1442300.0,20.961030960083008
2005-08-22,34.63999938964844,33.9900016784668,34.40999984741211,34.20000076293945,1432700.0,20.83310317993164
2005-08-23,34.34000015258789,33.97999954223633,34.13999938964844,34.11000061035156,1220000.0,20.778284072875977
2005-08-24,34.70000076293945,33.97999954223633,34.150001525878906,34.060001373291016,1687000.0,20.747827529907227
2005-08-25,34.18000030517578,33.709999084472656,34.06999969482422,34.04999923706055,1732300.0,20.741735458374023
2005-08-26,34.0,33.4900016784668,33.9900016784668,33.540000915527344,1783000.0,20.431068420410156
2005-08-29,34.11000061035156,33.45000076293945,33.529998779296875,33.97999954223633,1724100.0,20.6990909576416
2005-08-30,34.099998474121094,33.4900016784668,33.880001068115234,34.099998474121094,1904100.0,20.772188186645508
2005-08-31,34.18000030517578,33.650001525878906,34.08000183105469,34.130001068115234,1664800.0,20.79046630859375
2005-09-01,34.209999084472656,33.650001525878906,33.9900016784668,33.709999084472656,2235500.0,20.53462028503418
2005-09-02,33.900001525878906,33.4900016784668,33.86000061035156,33.529998779296875,1528200.0,20.424968719482422
2005-09-06,34.209999084472656,33.5099983215332,33.5099983215332,34.11000061035156,1544400.0,20.778284072875977
2005-09-07,34.099998474121094,33.68000030517578,34.060001373291016,33.84000015258789,1128100.0,20.613807678222656
2005-09-08,34.0099983215332,33.599998474121094,33.650001525878906,33.88999938964844,1249800.0,20.644268035888672
2005-09-09,34.290000915527344,33.779998779296875,34.06999969482422,34.209999084472656,1365300.0,20.839202880859375
2005-09-12,34.40999984741211,34.0,34.16999816894531,34.22999954223633,796000.0,20.851383209228516
2005-09-13,34.15999984741211,33.779998779296875,34.06999969482422,33.959999084472656,1309800.0,20.686904907226562
2005-09-14,33.9900016784668,33.459999084472656,33.86000061035156,33.63999938964844,1347600.0,20.491985321044922
2005-09-15,33.77000045776367,33.369998931884766,33.689998626708984,33.619998931884766,1126000.0,20.47979736328125
2005-09-16,33.79999923706055,33.25,33.470001220703125,33.599998474121094,3666000.0,20.46761703491211
2005-09-19,33.779998779296875,32.79999923706055,33.43000030517578,33.27000045776367,1730100.0,20.26659393310547
2005-09-20,33.68000030517578,32.90999984741211,33.27000045776367,33.04999923706055,1864100.0,20.13258171081543
2005-09-21,33.09000015258789,32.369998931884766,32.91999816894531,32.84000015258789,2571000.0,20.004655838012695
2005-09-22,33.0,32.45000076293945,32.72999954223633,32.79999923706055,1167900.0,19.98027992248535
2005-09-23,33.150001525878906,32.529998779296875,32.7599983215332,32.97999954223633,1408000.0,20.089942932128906
2005-09-26,34.83000183105469,33.77000045776367,33.95000076293945,34.09000015258789,3785700.0,20.766096115112305
2005-09-27,34.619998931884766,34.0,34.29999923706055,34.09000015258789,3493600.0,20.766096115112305
2005-09-28,37.93000030517578,36.709999084472656,36.709999084472656,37.25,10083900.0,22.691030502319336
2005-09-29,37.369998931884766,36.36000061035156,37.310001373291016,36.95000076293945,4780600.0,22.508285522460938
2005-09-30,37.09000015258789,36.65999984741211,36.939998626708984,37.09000015258789,2921800.0,22.593570709228516
2005-10-03,37.439998626708984,36.90999984741211,37.02000045776367,36.97999954223633,2684300.0,22.526559829711914
2005-10-04,37.709999084472656,37.029998779296875,37.16999816894531,37.400001525878906,2996900.0,22.782400131225586
2005-10-05,38.040000915527344,37.2400016784668,37.25,37.459999084472656,2971600.0,22.81895637512207
2005-10-06,38.20000076293945,37.279998779296875,37.400001525878906,37.720001220703125,4736800.0,22.97732925415039
2005-10-07,38.16999816894531,37.5,37.880001068115234,37.63999938964844,1584600.0,22.92860221862793
2005-10-10,37.790000915527344,37.33000183105469,37.58000183105469,37.61000061035156,1899800.0,22.910324096679688
2005-10-11,37.75,36.900001525878906,37.59000015258789,37.459999084472656,1965600.0,22.81895637512207
2005-10-12,37.939998626708984,36.91999816894531,37.40999984741211,37.119998931884766,1659200.0,22.611831665039062
2005-10-13,37.38999938964844,36.619998931884766,36.939998626708984,36.91999816894531,1646500.0,22.490007400512695
2005-10-14,36.83000183105469,36.2599983215332,36.709999084472656,36.529998779296875,2012100.0,22.252439498901367
2005-10-17,36.70000076293945,35.970001220703125,36.4900016784668,36.38999938964844,1444900.0,22.16715431213379
2005-10-18,36.709999084472656,36.18000030517578,36.220001220703125,36.41999816894531,1561900.0,22.185434341430664
2005-10-19,37.459999084472656,36.20000076293945,36.45000076293945,37.349998474121094,2958400.0,22.75194549560547
2005-10-20,37.90999984741211,37.15999984741211,37.66999816894531,37.459999084472656,3772200.0,22.81895637512207
2005-10-21,37.880001068115234,37.369998931884766,37.849998474121094,37.58000183105469,2392100.0,22.892047882080078
2005-10-24,38.27000045776367,37.58000183105469,37.779998779296875,38.0099983215332,2124600.0,23.153989791870117
2005-10-25,38.060001373291016,37.540000915527344,37.91999816894531,38.060001373291016,1391000.0,23.184452056884766
2005-10-26,38.7599983215332,37.95000076293945,38.0,38.58000183105469,3270600.0,23.501203536987305
2005-10-27,38.61000061035156,37.7599983215332,38.40999984741211,38.0,2304600.0,23.14790153503418
2005-10-28,39.0,38.36000061035156,38.5099983215332,38.45000076293945,2439900.0,23.521047592163086
2005-10-31,39.0099983215332,38.45000076293945,38.45000076293945,38.7599983215332,2779300.0,23.710689544677734
2005-11-01,39.43000030517578,38.70000076293945,38.84000015258789,39.43000030517578,3440300.0,24.120546340942383
2005-11-02,40.0,39.279998779296875,39.4900016784668,39.7400016784668,2048100.0,24.310190200805664
2005-11-03,40.68000030517578,39.90999984741211,39.97999954223633,40.27000045776367,2827900.0,24.634401321411133
2005-11-04,40.5099983215332,39.81999969482422,40.22999954223633,40.279998779296875,1628100.0,24.640525817871094
2005-11-07,40.75,40.27000045776367,40.27000045776367,40.439998626708984,1457400.0,24.73838996887207
2005-11-08,40.59000015258789,39.810001373291016,40.56999969482422,39.970001220703125,1297500.0,24.450883865356445
2005-11-09,40.16999816894531,39.34000015258789,40.150001525878906,39.84000015258789,1858500.0,24.371360778808594
2005-11-10,41.06999969482422,39.83000183105469,39.939998626708984,40.959999084472656,2961900.0,25.056493759155273
2005-11-11,40.779998779296875,40.099998474121094,40.31999969482422,40.720001220703125,1662600.0,24.909687042236328
2005-11-14,41.02000045776367,40.59000015258789,40.75,40.75,1396300.0,24.928037643432617
2005-11-15,41.25,40.790000915527344,40.83000183105469,40.93000030517578,1535800.0,25.03814697265625
2005-11-16,41.43000030517578,40.86000061035156,40.869998931884766,41.349998474121094,1779200.0,25.29507064819336
2005-11-17,42.75,41.349998474121094,41.5,42.470001220703125,3043800.0,25.980220794677734
2005-11-18,43.04999923706055,42.220001220703125,43.02000045776367,42.599998474121094,3278800.0,26.059741973876953
2005-11-21,43.0,42.349998474121094,42.61000061035156,42.83000183105469,2205400.0,26.20043182373047
2005-11-22,42.90999984741211,42.380001068115234,42.70000076293945,42.779998779296875,1784600.0,26.169837951660156
2005-11-23,43.369998931884766,42.5,42.66999816894531,43.18000030517578,1491200.0,26.4145450592041
2005-11-25,43.310001373291016,42.95000076293945,43.02000045776367,43.27000045776367,413400.0,26.469593048095703
2005-11-28,42.599998474121094,41.70000076293945,42.09000015258789,42.0,3698000.0,25.69269371032715
2005-11-29,42.619998931884766,41.84000015258789,42.0,42.5,2541600.0,25.998565673828125
2005-11-30,42.70000076293945,42.11000061035156,42.11000061035156,42.40999984741211,2049500.0,25.943510055541992
2005-12-01,43.20000076293945,42.189998626708984,42.72999954223633,43.13999938964844,1804100.0,26.39006805419922
2005-12-02,42.959999084472656,42.58000183105469,42.86000061035156,42.849998474121094,1595100.0,26.21266746520996
2005-12-05,42.970001220703125,41.90999984741211,42.970001220703125,42.22999954223633,2033400.0,25.833393096923828
2005-12-06,42.45000076293945,42.099998474121094,42.25,42.18000030517578,1818800.0,25.802818298339844
2005-12-07,41.959999084472656,41.560001373291016,41.720001220703125,41.880001068115234,2073800.0,25.619291305541992
2005-12-08,42.15999984741211,41.029998779296875,42.15999984741211,41.349998474121094,2292400.0,25.29507064819336
2005-12-09,41.529998779296875,40.66999816894531,41.310001373291016,41.16999816894531,2548400.0,25.184961318969727
2005-12-12,41.529998779296875,41.209999084472656,41.380001068115234,41.439998626708984,1315600.0,25.35013198852539
2005-12-13,42.130001068115234,41.470001220703125,41.540000915527344,42.060001373291016,1671500.0,25.729400634765625
2005-12-14,42.4900016784668,41.9900016784668,42.09000015258789,42.220001220703125,2001900.0,25.827272415161133
2005-12-15,42.400001525878906,41.349998474121094,42.150001525878906,41.59000015258789,2285000.0,25.441892623901367
2005-12-16,41.880001068115234,40.95000076293945,41.5099983215332,40.970001220703125,4616300.0,25.06260871887207
2005-12-19,41.2400016784668,40.47999954223633,40.650001525878906,40.959999084472656,2463100.0,25.056493759155273
2005-12-20,41.7599983215332,40.709999084472656,40.9900016784668,41.18000030517578,2450600.0,25.19107437133789
2005-12-21,42.099998474121094,41.279998779296875,41.54999923706055,41.880001068115234,3058300.0,25.619291305541992
2005-12-22,40.689998626708984,39.2599983215332,40.45000076293945,40.060001373291016,9727100.0,24.505935668945312
2005-12-23,40.52000045776367,40.099998474121094,40.20000076293945,40.130001068115234,1969300.0,24.548763275146484
2005-12-27,40.5099983215332,39.720001220703125,40.470001220703125,39.86000061035156,1489800.0,24.38359832763672
2005-12-28,39.900001525878906,39.130001068115234,39.79999923706055,39.33000183105469,2159100.0,24.05937385559082
2005-12-29,39.40999984741211,38.689998626708984,39.20000076293945,38.810001373291016,1920100.0,23.74127960205078
2005-12-30,38.84000015258789,38.119998931884766,38.84000015258789,38.119998931884766,2784600.0,23.319183349609375
2006-01-03,38.939998626708984,37.4900016784668,38.5,38.630001068115234,3711900.0,23.63115882873535
2006-01-04,39.0,38.33000183105469,38.459999084472656,38.959999084472656,2655900.0,23.833036422729492
2006-01-05,38.9900016784668,38.540000915527344,38.95000076293945,38.83000183105469,2497800.0,23.75350570678711
2006-01-06,39.0,37.95000076293945,38.869998931884766,38.459999084472656,3078300.0,23.52716064453125
2006-01-09,38.31999969482422,37.349998474121094,38.27000045776367,38.02000045776367,4954900.0,23.25800132751465
2006-01-10,37.9900016784668,36.93000030517578,37.81999969482422,37.290000915527344,3495000.0,22.81143569946289
2006-01-11,37.650001525878906,36.939998626708984,37.13999938964844,37.5099983215332,2097700.0,22.946022033691406
2006-01-12,37.4900016784668,36.720001220703125,37.47999954223633,36.79999923706055,2960600.0,22.511703491210938
2006-01-13,37.20000076293945,36.25,36.79999923706055,36.95000076293945,2818000.0,22.603458404541016
2006-01-17,37.63999938964844,36.97999954223633,37.02000045776367,37.459999084472656,2231700.0,22.915443420410156
2006-01-18,37.90999984741211,37.41999816894531,37.470001220703125,37.790000915527344,2178100.0,23.1173095703125
2006-01-19,38.31999969482422,37.59000015258789,37.75,38.11000061035156,2252300.0,23.313068389892578
2006-01-20,38.16999816894531,37.279998779296875,37.83000183105469,37.400001525878906,2423700.0,22.878734588623047
2006-01-23,37.45000076293945,36.970001220703125,37.220001220703125,36.9900016784668,1659600.0,22.6279239654541
2006-01-24,37.939998626708984,36.849998474121094,37.0099983215332,37.56999969482422,1673500.0,22.982730865478516
2006-01-25,37.79999923706055,36.720001220703125,37.45000076293945,36.779998779296875,2326600.0,22.499460220336914
2006-01-26,36.93000030517578,36.369998931884766,36.900001525878906,36.40999984741211,2083400.0,22.273122787475586
2006-01-27,37.68000030517578,36.38999938964844,36.41999816894531,37.040000915527344,2507900.0,22.658510208129883
2006-01-30,37.5,36.779998779296875,37.150001525878906,37.0099983215332,2812500.0,22.73838233947754
2006-01-31,37.0,36.0,36.9900016784668,36.349998474121094,3525100.0,22.332889556884766
2006-02-01,37.06999969482422,35.52000045776367,35.97999954223633,37.0099983215332,2661100.0,22.73838233947754
2006-02-02,37.650001525878906,36.880001068115234,37.2599983215332,37.4900016784668,2809200.0,23.033294677734375
2006-02-03,37.08000183105469,36.25,36.9900016784668,36.45000076293945,2254600.0,22.39432144165039
2006-02-06,36.5099983215332,36.0099983215332,36.16999816894531,36.38999938964844,1068800.0,22.357465744018555
2006-02-07,37.0,36.29999923706055,36.38999938964844,36.900001525878906,1677300.0,22.670801162719727
2006-02-08,37.9900016784668,36.88999938964844,36.97999954223633,37.75,2278400.0,23.19301986694336
2006-02-09,37.93000030517578,37.27000045776367,37.63999938964844,37.47999954223633,1640300.0,23.027143478393555
2006-02-10,37.790000915527344,37.25,37.59000015258789,37.43000030517578,1322100.0,22.996416091918945
2006-02-13,37.939998626708984,37.0,37.54999923706055,37.209999084472656,990300.0,22.861265182495117
2006-02-14,37.66999816894531,36.900001525878906,37.18000030517578,37.45000076293945,1544900.0,23.00872230529785
2006-02-15,37.810001373291016,37.029998779296875,37.36000061035156,37.7400016784668,1890300.0,23.186880111694336
2006-02-16,38.2400016784668,37.56999969482422,37.630001068115234,38.220001220703125,1539000.0,23.481792449951172
2006-02-17,38.279998779296875,37.77000045776367,38.13999938964844,37.88999938964844,1761700.0,23.27904510498047
2006-02-21,38.02000045776367,37.02000045776367,37.90999984741211,37.18000030517578,1833500.0,22.84282875061035
2006-02-22,37.83000183105469,37.04999923706055,37.130001068115234,37.70000076293945,1856600.0,23.162309646606445
2006-02-23,38.040000915527344,37.52000045776367,37.52000045776367,37.630001068115234,1483400.0,23.119304656982422
2006-02-24,37.75,37.18000030517578,37.56999969482422,37.68000030517578,1682300.0,23.150020599365234
2006-02-27,39.959999084472656,37.5099983215332,37.56999969482422,39.709999084472656,4339000.0,24.3972110748291
2006-02-28,40.18000030517578,39.349998474121094,39.5,40.04999923706055,4353200.0,24.60610580444336
2006-03-01,40.22999954223633,39.75,39.970001220703125,40.189998626708984,2510400.0,24.692123413085938
2006-03-02,40.4900016784668,39.849998474121094,39.900001525878906,40.16999816894531,1892400.0,24.67983627319336
2006-03-03,41.060001373291016,39.5,39.810001373291016,40.290000915527344,2982700.0,24.753568649291992
2006-03-06,40.4900016784668,39.45000076293945,40.22999954223633,39.7599983215332,1633200.0,24.427940368652344
2006-03-07,39.79999923706055,39.06999969482422,39.540000915527344,39.119998931884766,1795300.0,24.034732818603516
2006-03-08,39.75,38.970001220703125,38.970001220703125,39.58000183105469,1417600.0,24.317350387573242
2006-03-09,40.08000183105469,39.310001373291016,39.61000061035156,39.310001373291016,1442800.0,24.15146827697754
2006-03-10,39.70000076293945,39.099998474121094,39.33000183105469,39.59000015258789,1678700.0,24.323488235473633
2006-03-13,39.900001525878906,39.04999923706055,39.65999984741211,39.13999938964844,1797100.0,24.047019958496094
2006-03-14,40.439998626708984,39.099998474121094,39.189998626708984,40.36000061035156,2277100.0,24.796573638916016
2006-03-15,40.47999954223633,39.79999923706055,40.31999969482422,40.33000183105469,1426000.0,24.778141021728516
2006-03-16,40.439998626708984,39.83000183105469,40.43000030517578,40.099998474121094,1699400.0,24.636831283569336
2006-03-17,40.4900016784668,39.88999938964844,40.310001373291016,40.34000015258789,3730500.0,24.784290313720703
2006-03-20,41.5,40.209999084472656,40.279998779296875,41.06999969482422,2205200.0,25.23278045654297
2006-03-21,41.5,40.790000915527344,40.959999084472656,40.959999084472656,2256100.0,25.16519546508789
2006-03-22,41.130001068115234,40.41999816894531,40.86000061035156,40.5,1698600.0,24.882591247558594
2006-03-23,40.54999923706055,40.06999969482422,40.45000076293945,40.400001525878906,1214100.0,24.82115364074707
2006-03-24,40.560001373291016,39.880001068115234,40.36000061035156,40.119998931884766,1967900.0,24.649118423461914
2006-03-27,40.5,39.81999969482422,39.9900016784668,40.27000045776367,1506400.0,24.741275787353516
2006-03-28,40.849998474121094,40.0,40.41999816894531,40.15999984741211,2861400.0,24.673694610595703
2006-03-29,41.2599983215332,39.34000015258789,39.599998474121094,40.779998779296875,5164000.0,25.05461311340332
2006-03-30,41.7599983215332,40.709999084472656,40.709999084472656,41.16999816894531,2065900.0,25.294225692749023
2006-03-31,41.720001220703125,40.88999938964844,41.09000015258789,41.65999984741211,2388700.0,25.595277786254883
2006-04-03,42.369998931884766,41.650001525878906,42.0,41.77000045776367,2582900.0,25.662853240966797
2006-04-04,42.13999938964844,41.349998474121094,41.84000015258789,41.68000030517578,2312500.0,25.607568740844727
2006-04-05,41.77000045776367,41.18000030517578,41.5,41.7400016784668,1797900.0,25.644420623779297
2006-04-06,41.61000061035156,41.029998779296875,41.5,41.34000015258789,1560600.0,25.39867401123047
2006-04-07,41.790000915527344,40.66999816894531,41.369998931884766,40.81999969482422,1825700.0,25.079181671142578
2006-04-10,40.88999938964844,40.52000045776367,40.880001068115234,40.720001220703125,982200.0,25.017751693725586
2006-04-11,40.970001220703125,40.34000015258789,40.959999084472656,40.599998474121094,1617400.0,24.944021224975586
2006-04-12,40.709999084472656,40.150001525878906,40.56999969482422,40.5099983215332,1063600.0,24.88872528076172
2006-04-13,41.18000030517578,40.150001525878906,40.619998931884766,40.81999969482422,1441500.0,25.079181671142578
2006-04-17,40.959999084472656,40.04999923706055,40.959999084472656,40.470001220703125,1516200.0,24.864147186279297
2006-04-18,41.869998931884766,40.349998474121094,40.349998474121094,41.650001525878906,2584400.0,25.58913230895996
2006-04-19,41.849998474121094,41.02000045776367,41.58000183105469,41.45000076293945,1972100.0,25.46625328063965
2006-04-20,41.75,41.18000030517578,41.45000076293945,41.5099983215332,1628300.0,25.503114700317383
2006-04-21,41.689998626708984,40.15999984741211,41.47999954223633,40.5,2165600.0,24.882591247558594
2006-04-24,40.619998931884766,40.2599983215332,40.33000183105469,40.380001068115234,1570700.0,24.808860778808594
2006-04-25,40.5,39.5,40.38999938964844,40.189998626708984,3268500.0,24.692123413085938
2006-04-26,40.349998474121094,39.65999984741211,40.13999938964844,39.9900016784668,1643700.0,24.56925392150879
2006-04-27,41.33000183105469,39.36000061035156,39.7599983215332,40.90999984741211,2159800.0,25.235445022583008
2006-04-28,41.209999084472656,40.349998474121094,40.84000015258789,40.38999938964844,1335700.0,24.914684295654297
2006-05-01,40.77000045776367,39.869998931884766,40.7599983215332,40.040000915527344,1287400.0,24.69879150390625
2006-05-02,40.41999816894531,39.75,40.2599983215332,40.2599983215332,1358900.0,24.834497451782227
2006-05-03,40.38999938964844,39.400001525878906,40.119998931884766,39.630001068115234,1270200.0,24.44588279724121
2006-05-04,40.060001373291016,39.400001525878906,39.7400016784668,39.84000015258789,1864800.0,24.575428009033203
2006-05-05,40.52000045776367,39.68000030517578,39.91999816894531,40.439998626708984,1761800.0,24.945526123046875
2006-05-08,40.400001525878906,39.900001525878906,40.33000183105469,40.08000183105469,1697000.0,24.723472595214844
2006-05-09,40.54999923706055,39.939998626708984,39.939998626708984,40.54999923706055,1406600.0,25.013383865356445
2006-05-10,40.7599983215332,40.220001220703125,40.38999938964844,40.459999084472656,1773200.0,24.957866668701172
2006-05-11,40.529998779296875,40.09000015258789,40.27000045776367,40.220001220703125,1135800.0,24.8098201751709
2006-05-12,40.41999816894531,39.779998779296875,40.099998474121094,39.95000076293945,1199800.0,24.643274307250977
2006-05-15,40.04999923706055,39.25,40.04999923706055,39.61000061035156,1578200.0,24.433542251586914
2006-05-16,39.59000015258789,38.939998626708984,39.52000045776367,39.36000061035156,1645400.0,24.279327392578125
2006-05-17,39.36000061035156,38.5099983215332,39.0,38.68000030517578,2015400.0,23.8598690032959
2006-05-18,38.95000076293945,38.279998779296875,38.599998474121094,38.45000076293945,2277500.0,23.71799087524414
2006-05-19,38.810001373291016,38.189998626708984,38.41999816894531,38.54999923706055,2734500.0,23.779672622680664
2006-05-22,39.0099983215332,38.040000915527344,38.15999984741211,38.720001220703125,2195500.0,23.88454818725586
2006-05-23,38.939998626708984,37.84000015258789,38.779998779296875,37.91999816894531,2110800.0,23.39105224609375
2006-05-24,38.4900016784668,37.13999938964844,37.70000076293945,38.33000183105469,2177900.0,23.643970489501953
2006-05-25,38.36000061035156,37.400001525878906,38.22999954223633,38.189998626708984,2007300.0,23.55760383605957
2006-05-26,38.38999938964844,37.5099983215332,38.34000015258789,38.130001068115234,1620700.0,23.52059555053711
2006-05-30,37.47999954223633,36.650001525878906,37.2599983215332,36.779998779296875,3158600.0,22.687850952148438
2006-05-31,37.09000015258789,36.11000061035156,36.59000015258789,36.709999084472656,3371100.0,22.6446590423584
2006-06-01,37.689998626708984,36.709999084472656,36.869998931884766,37.66999816894531,3563500.0,23.236845016479492
2006-06-02,38.0,37.060001373291016,37.97999954223633,37.45000076293945,2700800.0,23.10114288330078
2006-06-05,38.959999084472656,37.849998474121094,38.400001525878906,38.189998626708984,3489100.0,23.55760383605957
2006-06-06,38.439998626708984,37.45000076293945,38.2400016784668,37.689998626708984,2619400.0,23.24918556213379
2006-06-07,37.95000076293945,37.279998779296875,37.7400016784668,37.349998474121094,2177500.0,23.039451599121094
2006-06-08,37.29999923706055,36.41999816894531,37.189998626708984,37.13999938964844,2636500.0,22.909923553466797
2006-06-09,38.4900016784668,37.13999938964844,38.09000015258789,37.2599983215332,2080900.0,22.983930587768555
2006-06-12,37.47999954223633,36.93000030517578,37.11000061035156,37.0,1291200.0,22.82355499267578
2006-06-13,37.36000061035156,36.58000183105469,37.11000061035156,36.70000076293945,1803200.0,22.638498306274414
2006-06-14,36.97999954223633,36.459999084472656,36.58000183105469,36.95000076293945,1783200.0,22.79271697998047
2006-06-15,37.83000183105469,36.599998474121094,36.939998626708984,37.59000015258789,1970400.0,23.1875
2006-06-16,39.08000183105469,37.400001525878906,37.66999816894531,38.599998474121094,4591300.0,23.810522079467773
2006-06-19,39.04999923706055,38.68000030517578,38.849998474121094,38.72999954223633,2381700.0,23.890708923339844
2006-06-20,39.40999984741211,38.5,38.880001068115234,38.900001525878906,2197900.0,23.995573043823242
2006-06-21,39.79999923706055,38.83000183105469,38.84000015258789,39.45000076293945,1881200.0,24.3348445892334
2006-06-22,39.63999938964844,38.970001220703125,39.2599983215332,39.189998626708984,1472900.0,24.174461364746094
2006-06-23,39.88999938964844,38.84000015258789,39.0099983215332,39.459999084472656,1387200.0,24.34101104736328
2006-06-26,39.75,39.380001068115234,39.45000076293945,39.52000045776367,1041000.0,24.378028869628906
2006-06-27,39.68000030517578,39.0099983215332,39.47999954223633,39.220001220703125,1766000.0,24.192968368530273
2006-06-28,39.68000030517578,39.09000015258789,39.4900016784668,39.56999969482422,1794000.0,24.408863067626953
2006-06-29,39.689998626708984,38.68000030517578,39.54999923706055,39.66999816894531,4089600.0,24.47054672241211
2006-06-30,39.86000061035156,38.900001525878906,39.66999816894531,38.97999954223633,2903100.0,24.0449275970459
2006-07-03,39.52000045776367,38.97999954223633,39.52000045776367,38.97999954223633,866900.0,24.0449275970459
2006-07-05,38.9900016784668,38.16999816894531,38.9900016784668,38.279998779296875,1700400.0,23.613130569458008
2006-07-06,38.52000045776367,37.93000030517578,38.16999816894531,38.029998779296875,1678200.0,23.45891571044922
2006-07-07,38.0,37.209999084472656,37.95000076293945,37.59000015258789,2576600.0,23.1875
2006-07-10,38.0,37.459999084472656,37.75,37.650001525878906,981900.0,23.22450828552246
2006-07-11,37.88999938964844,37.38999938964844,37.709999084472656,37.66999816894531,1869600.0,23.236845016479492
2006-07-12,37.77000045776367,36.650001525878906,37.68000030517578,37.060001373291016,1979800.0,22.86056900024414
2006-07-13,37.290000915527344,36.72999954223633,37.04999923706055,36.869998931884766,2082200.0,22.74336051940918
2006-07-14,36.959999084472656,36.470001220703125,36.77000045776367,36.75,2484800.0,22.66933822631836
2006-07-17,36.75,36.33000183105469,36.709999084472656,36.529998779296875,2208300.0,22.533634185791016
2006-07-18,36.689998626708984,36.02000045776367,36.40999984741211,36.31999969482422,1516300.0,22.404088973999023
2006-07-19,37.15999984741211,36.2599983215332,36.369998931884766,36.54999923706055,1263000.0,22.54596519470215
2006-07-20,36.5,35.41999816894531,36.4900016784668,35.56999969482422,2526000.0,21.941457748413086
2006-07-21,35.65999984741211,35.099998474121094,35.290000915527344,35.29999923706055,2302400.0,21.77490997314453
2006-07-24,35.38999938964844,34.810001373291016,35.310001373291016,35.02000045776367,2244000.0,21.60218620300293
2006-07-25,35.04999923706055,34.38999938964844,34.91999816894531,34.5,3130000.0,21.281423568725586
2006-07-26,34.540000915527344,33.7599983215332,34.36000061035156,33.880001068115234,3683500.0,20.89898109436035
2006-07-27,34.279998779296875,33.650001525878906,34.029998779296875,33.810001373291016,1404100.0,20.855796813964844
2006-07-28,34.61000061035156,33.790000915527344,34.290000915527344,34.459999084472656,1463800.0,21.35781478881836
2006-07-31,34.5099983215332,33.90999984741211,34.4900016784668,34.18000030517578,1548700.0,21.184280395507812
2006-08-01,34.06999969482422,32.97999954223633,33.95000076293945,33.189998626708984,2441400.0,20.570688247680664
2006-08-02,33.7599983215332,33.04999923706055,33.130001068115234,33.40999984741211,3819200.0,20.707048416137695
2006-08-03,33.86000061035156,33.18000030517578,33.22999954223633,33.619998931884766,2636400.0,20.837200164794922
2006-08-04,35.47999954223633,34.18000030517578,34.72999954223633,34.290000915527344,4061600.0,21.25246238708496
2006-08-07,34.7599983215332,33.9900016784668,34.38999938964844,34.11000061035156,2813900.0,21.140893936157227
2006-08-08,34.349998474121094,33.29999923706055,34.349998474121094,33.790000915527344,2153000.0,20.94255828857422
2006-08-09,34.79999923706055,33.79999923706055,33.970001220703125,33.84000015258789,1627200.0,20.973552703857422
2006-08-10,34.34000015258789,33.56999969482422,33.880001068115234,34.150001525878906,1034400.0,21.16568946838379
2006-08-11,34.15999984741211,33.75,34.040000915527344,34.040000915527344,825600.0,21.09752082824707
2006-08-14,34.81999969482422,34.0,34.0,34.04999923706055,1274600.0,21.10370635986328
2006-08-15,35.0,34.209999084472656,34.72999954223633,34.84000015258789,1691600.0,21.59334373474121
2006-08-16,35.56999969482422,34.86000061035156,35.150001525878906,35.560001373291016,2233200.0,22.039588928222656
2006-08-17,35.9900016784668,35.2599983215332,35.2599983215332,35.70000076293945,1930200.0,22.126359939575195
2006-08-18,36.0,35.45000076293945,35.86000061035156,35.7400016784668,2477200.0,22.15114974975586
2006-08-21,35.9900016784668,35.310001373291016,35.810001373291016,35.88999938964844,1185900.0,22.24411392211914
2006-08-22,36.0,35.43000030517578,35.93000030517578,35.61000061035156,1757300.0,22.07058334350586
2006-08-23,35.849998474121094,35.0,35.790000915527344,35.20000076293945,1777600.0,21.816465377807617
2006-08-24,35.560001373291016,34.959999084472656,35.2599983215332,35.20000076293945,2073100.0,21.816465377807617
2006-08-25,35.650001525878906,35.0099983215332,35.2599983215332,35.45000076293945,928500.0,21.97141456604004
2006-08-28,36.13999938964844,35.22999954223633,35.25,36.029998779296875,1597900.0,22.33088493347168
2006-08-29,36.22999954223633,35.72999954223633,36.130001068115234,35.9900016784668,1690100.0,22.30609893798828
2006-08-30,36.369998931884766,35.810001373291016,36.150001525878906,36.31999969482422,1315200.0,22.510618209838867
2006-08-31,36.36000061035156,35.880001068115234,36.31999969482422,35.95000076293945,1247000.0,22.281309127807617
2006-09-01,36.349998474121094,35.529998779296875,36.220001220703125,36.189998626708984,1024200.0,22.4300537109375
2006-09-05,36.189998626708984,35.75,36.040000915527344,35.91999816894531,1032100.0,22.262706756591797
2006-09-06,35.83000183105469,35.09000015258789,35.720001220703125,35.279998779296875,1928000.0,21.86604881286621
2006-09-07,35.400001525878906,34.880001068115234,35.310001373291016,34.91999816894531,1654600.0,21.64293098449707
2006-09-08,35.470001220703125,34.869998931884766,34.90999984741211,35.220001220703125,1053900.0,21.828853607177734
2006-09-11,35.119998931884766,34.72999954223633,34.9900016784668,35.060001373291016,1563600.0,21.729698181152344
2006-09-12,35.220001220703125,34.650001525878906,35.040000915527344,35.18000030517578,1486200.0,21.804067611694336
2006-09-13,35.25,34.81999969482422,35.02000045776367,35.20000076293945,1239900.0,21.816465377807617
2006-09-14,35.439998626708984,34.9900016784668,35.0,35.36000061035156,1123200.0,21.915620803833008
2006-09-15,35.93000030517578,35.22999954223633,35.540000915527344,35.91999816894531,4188500.0,22.262706756591797
2006-09-18,36.310001373291016,35.779998779296875,35.95000076293945,35.900001525878906,1426000.0,22.250316619873047
2006-09-19,36.290000915527344,35.650001525878906,36.02000045776367,36.09000015258789,1465800.0,22.368072509765625
2006-09-20,36.52000045776367,35.7599983215332,36.11000061035156,35.939998626708984,1306400.0,22.275108337402344
2006-09-21,36.189998626708984,35.709999084472656,35.900001525878906,35.7599983215332,1061400.0,22.163551330566406
2006-09-22,35.84000015258789,35.279998779296875,35.83000183105469,35.439998626708984,850500.0,21.965213775634766
2006-09-25,36.5099983215332,35.47999954223633,35.47999954223633,36.31999969482422,2283000.0,22.510618209838867
2006-09-26,37.16999816894531,36.439998626708984,36.5099983215332,37.08000183105469,3957400.0,22.981660842895508
2006-09-27,37.08000183105469,35.33000183105469,35.970001220703125,36.779998779296875,5897200.0,22.79572296142578
2006-09-28,37.400001525878906,36.77000045776367,36.77000045776367,37.290000915527344,2472500.0,23.111812591552734
2006-09-29,37.47999954223633,36.72999954223633,37.310001373291016,36.849998474121094,2281900.0,22.839111328125
2006-10-02,37.38999938964844,36.5099983215332,36.959999084472656,36.66999816894531,2288300.0,22.727550506591797
2006-10-03,36.970001220703125,36.4900016784668,36.91999816894531,36.939998626708984,1789900.0,22.89488410949707
2006-10-04,37.5,36.70000076293945,36.70000076293945,37.31999969482422,2746600.0,23.13040542602539
2006-10-05,38.060001373291016,37.11000061035156,37.40999984741211,38.040000915527344,3296900.0,23.576648712158203
2006-10-06,38.369998931884766,37.79999923706055,38.040000915527344,38.209999084472656,2586500.0,23.6820125579834
2006-10-09,38.400001525878906,38.060001373291016,38.209999084472656,38.29999923706055,1943500.0,23.737802505493164
2006-10-10,38.459999084472656,38.099998474121094,38.22999954223633,38.459999084472656,2323900.0,23.836963653564453
2006-10-11,38.84000015258789,38.220001220703125,38.400001525878906,38.7599983215332,2358800.0,24.022905349731445
2006-10-12,38.93000030517578,38.279998779296875,38.86000061035156,38.86000061035156,2083700.0,24.084880828857422
2006-10-13,38.93000030517578,38.33000183105469,38.650001525878906,38.66999816894531,1257100.0,23.96711540222168
2006-10-16,39.209999084472656,38.630001068115234,38.790000915527344,38.959999084472656,1590500.0,24.1468563079834
2006-10-17,38.95000076293945,38.5099983215332,38.709999084472656,38.77000045776367,1067100.0,24.029088973999023
2006-10-18,39.20000076293945,38.439998626708984,39.02000045776367,38.91999816894531,1575100.0,24.1220703125
2006-10-19,39.04999923706055,38.40999984741211,38.560001373291016,38.70000076293945,1146500.0,23.9857120513916
2006-10-20,38.849998474121094,38.2400016784668,38.849998474121094,38.5,1530700.0,23.861759185791016
2006-10-23,40.34000015258789,38.81999969482422,39.029998779296875,39.79999923706055,4631500.0,24.667482376098633
2006-10-24,39.970001220703125,39.369998931884766,39.689998626708984,39.650001525878906,2630100.0,24.574514389038086
2006-10-25,39.689998626708984,39.130001068115234,39.40999984741211,39.540000915527344,1057300.0,24.506330490112305
2006-10-26,39.91999816894531,39.36000061035156,39.54999923706055,39.66999816894531,1838200.0,24.586898803710938
2006-10-27,39.75,39.349998474121094,39.58000183105469,39.45000076293945,1424300.0,24.450551986694336
2006-10-30,39.810001373291016,39.20000076293945,39.5,39.810001373291016,2019600.0,24.805721282958984
2006-10-31,39.95000076293945,39.0,39.540000915527344,39.47999954223633,1836400.0,24.600101470947266
2006-11-01,39.63999938964844,38.900001525878906,39.63999938964844,39.08000183105469,1374000.0,24.35085678100586
2006-11-02,39.13999938964844,38.5,39.0099983215332,38.70000076293945,1753700.0,24.114084243774414
2006-11-03,38.7599983215332,38.22999954223633,38.72999954223633,38.5,1717600.0,23.989458084106445
2006-11-06,39.400001525878906,38.560001373291016,38.689998626708984,38.939998626708984,1156100.0,24.263626098632812
2006-11-07,39.66999816894531,38.709999084472656,38.7599983215332,39.099998474121094,1490400.0,24.363317489624023
2006-11-08,39.47999954223633,38.970001220703125,39.36000061035156,39.310001373291016,1310000.0,24.494173049926758
2006-11-09,39.310001373291016,38.310001373291016,39.25,38.54999923706055,1509200.0,24.020606994628906
2006-11-10,38.77000045776367,38.369998931884766,38.470001220703125,38.599998474121094,2022600.0,24.05177116394043
2006-11-13,38.65999984741211,38.25,38.65999984741211,38.61000061035156,1631500.0,24.05800437927246
2006-11-14,39.060001373291016,38.31999969482422,38.400001525878906,38.9900016784668,1971700.0,24.29477882385254
2006-11-15,39.869998931884766,38.90999984741211,39.04999923706055,39.7400016784668,2330900.0,24.76209831237793
2006-11-16,40.25,39.72999954223633,40.04999923706055,40.11000061035156,1670600.0,24.992652893066406
2006-11-17,40.52000045776367,40.0,40.11000061035156,40.459999084472656,1876200.0,25.210742950439453
2006-11-20,40.56999969482422,39.95000076293945,40.2599983215332,40.400001525878906,2258300.0,25.1733455657959
2006-11-21,40.2599983215332,39.630001068115234,40.18000030517578,39.86000061035156,2406800.0,24.83687973022461
2006-11-22,39.95000076293945,39.529998779296875,39.650001525878906,39.849998474121094,878400.0,24.830650329589844
2006-11-24,39.90999984741211,39.54999923706055,39.779998779296875,39.630001068115234,514900.0,24.693561553955078
2006-11-27,39.54999923706055,38.91999816894531,39.400001525878906,39.209999084472656,1517200.0,24.431856155395508
2006-11-28,39.45000076293945,39.02000045776367,39.189998626708984,39.36000061035156,1677700.0,24.52532958984375
2006-11-29,39.43000030517578,38.9900016784668,39.29999923706055,39.369998931884766,2083200.0,24.531557083129883
2006-11-30,39.63999938964844,39.220001220703125,39.5,39.40999984741211,1476100.0,24.55648422241211
2006-12-01,39.47999954223633,38.720001220703125,39.47999954223633,39.2400016784668,1617800.0,24.45054817199707
2006-12-04,40.029998779296875,39.2599983215332,39.380001068115234,39.68000030517578,1652900.0,24.724708557128906
2006-12-05,39.7599983215332,39.29999923706055,39.7599983215332,39.619998931884766,1219000.0,24.68733024597168
2006-12-06,39.84000015258789,39.099998474121094,39.630001068115234,39.38999938964844,1670300.0,24.544015884399414
2006-12-07,39.5099983215332,39.02000045776367,39.41999816894531,39.11000061035156,1462900.0,24.369548797607422
2006-12-08,39.56999969482422,38.810001373291016,39.06999969482422,39.18000030517578,1525500.0,24.413162231445312
2006-12-11,39.5,38.900001525878906,38.93000030517578,39.2599983215332,1135800.0,24.46302032470703
2006-12-12,39.41999816894531,38.65999984741211,39.34000015258789,39.0,1986800.0,24.301013946533203
2006-12-13,39.34000015258789,38.65999984741211,39.34000015258789,39.04999923706055,1764600.0,24.33217430114746
2006-12-14,40.04999923706055,38.9900016784668,39.18000030517578,39.95000076293945,2907100.0,24.892955780029297
2006-12-15,41.119998931884766,39.95000076293945,40.06999969482422,40.7599983215332,4661300.0,25.39766502380371
2006-12-18,41.209999084472656,40.27000045776367,40.779998779296875,40.380001068115234,2546700.0,25.160884857177734
2006-12-19,41.040000915527344,40.13999938964844,40.15999984741211,40.86000061035156,2559900.0,25.459972381591797
2006-12-20,40.59000015258789,39.27000045776367,39.95000076293945,39.91999816894531,2715500.0,24.874263763427734
2006-12-21,40.880001068115234,39.7599983215332,40.41999816894531,40.40999984741211,2713500.0,25.179584503173828
2006-12-22,40.5099983215332,39.880001068115234,40.5099983215332,39.880001068115234,2130100.0,24.849340438842773
2006-12-26,39.849998474121094,39.5,39.83000183105469,39.810001373291016,1222000.0,24.805721282958984
2006-12-27,40.27000045776367,39.79999923706055,40.099998474121094,39.90999984741211,1179800.0,24.868030548095703
2006-12-28,40.13999938964844,39.630001068115234,40.0,39.790000915527344,941400.0,24.79326629638672
2006-12-29,40.0,39.40999984741211,39.5099983215332,39.540000915527344,982100.0,24.637483596801758
2007-01-03,39.97999954223633,38.790000915527344,39.689998626708984,39.310001373291016,2674200.0,24.494173049926758
2007-01-04,40.189998626708984,39.029998779296875,39.41999816894531,40.0099983215332,2667500.0,24.930334091186523
2007-01-05,40.20000076293945,39.779998779296875,40.189998626708984,40.029998779296875,1764800.0,24.942800521850586
2007-01-08,40.36000061035156,39.68000030517578,40.22999954223633,40.099998474121094,1645600.0,24.986421585083008
2007-01-09,40.650001525878906,39.9900016784668,40.040000915527344,40.189998626708984,1550500.0,25.042490005493164
2007-01-10,40.349998474121094,39.7400016784668,39.900001525878906,40.310001373291016,1492000.0,25.117273330688477
2007-01-11,40.88999938964844,40.369998931884766,40.54999923706055,40.720001220703125,2463300.0,25.372737884521484
2007-01-12,41.0,40.47999954223633,40.47999954223633,40.66999816894531,1211500.0,25.341583251953125
2007-01-16,40.9900016784668,40.290000915527344,40.70000076293945,40.689998626708984,1919100.0,25.35405158996582
2007-01-17,40.95000076293945,40.4900016784668,40.7400016784668,40.79999923706055,2153300.0,25.42259407043457
2007-01-18,41.0,40.38999938964844,41.0,40.41999816894531,1822800.0,25.185810089111328
2007-01-19,40.45000076293945,39.959999084472656,40.16999816894531,40.11000061035156,2001400.0,24.992652893066406
2007-01-22,40.16999816894531,39.369998931884766,39.93000030517578,39.599998474121094,3015700.0,24.67485809326172
2007-01-23,39.93000030517578,39.5099983215332,39.599998474121094,39.63999938964844,1874100.0,24.69979476928711
2007-01-24,40.63999938964844,39.68000030517578,39.84000015258789,40.599998474121094,2898500.0,25.29796600341797
2007-01-25,40.459999084472656,39.400001525878906,40.279998779296875,39.70000076293945,2644000.0,24.737178802490234
2007-01-26,40.09000015258789,39.470001220703125,39.68000030517578,39.77000045776367,2408900.0,24.780792236328125
2007-01-29,40.34000015258789,39.689998626708984,39.84000015258789,40.0,2537400.0,24.924116134643555
2007-01-30,40.04999923706055,39.4900016784668,39.88999938964844,39.70000076293945,1932900.0,24.86773109436035
2007-01-31,40.310001373291016,39.4900016784668,39.61000061035156,40.0099983215332,2265700.0,25.06191635131836
2007-02-01,40.54999923706055,40.029998779296875,40.029998779296875,40.31999969482422,2360300.0,25.256105422973633
2007-02-02,40.61000061035156,40.25,40.25,40.439998626708984,1253600.0,25.331268310546875
2007-02-05,40.75,40.220001220703125,40.36000061035156,40.5,2592800.0,25.36884307861328
2007-02-06,40.77000045776367,40.04999923706055,40.75,40.400001525878906,2194800.0,25.30620574951172
2007-02-07,40.790000915527344,40.36000061035156,40.540000915527344,40.630001068115234,2551700.0,25.45027732849121
2007-02-08,40.939998626708984,40.5099983215332,40.5099983215332,40.66999816894531,1535800.0,25.4753360748291
2007-02-09,40.939998626708984,40.130001068115234,40.900001525878906,40.34000015258789,2427900.0,25.268627166748047
2007-02-12,40.63999938964844,40.31999969482422,40.52000045776367,40.5,1938100.0,25.36884307861328
2007-02-13,41.150001525878906,40.349998474121094,40.709999084472656,40.869998931884766,2986000.0,25.600614547729492
2007-02-14,41.93000030517578,40.88999938964844,40.9900016784668,41.77000045776367,3747000.0,26.164369583129883
2007-02-15,41.88999938964844,41.47999954223633,41.61000061035156,41.650001525878906,1926700.0,26.08919906616211
2007-02-16,41.7599983215332,41.31999969482422,41.7400016784668,41.58000183105469,1628000.0,26.04535484313965
2007-02-20,41.7599983215332,41.029998779296875,41.18000030517578,41.599998474121094,2115400.0,26.05787467956543
2007-02-21,41.70000076293945,41.06999969482422,41.599998474121094,41.630001068115234,1700500.0,26.076679229736328
2007-02-22,41.79999923706055,41.16999816894531,41.56999969482422,41.790000915527344,1910400.0,26.17689323425293
2007-02-23,42.43000030517578,41.72999954223633,41.91999816894531,42.380001068115234,3891300.0,26.546463012695312
2007-02-26,42.5,41.959999084472656,42.45000076293945,42.290000915527344,3132100.0,26.490093231201172
2007-02-27,42.279998779296875,40.88999938964844,41.93000030517578,41.31999969482422,4546400.0,25.882490158081055
2007-02-28,41.650001525878906,40.52000045776367,40.63999938964844,40.630001068115234,4769400.0,25.45027732849121
2007-03-01,40.13999938964844,39.099998474121094,39.72999954223633,40.0099983215332,6336400.0,25.06191635131836
2007-03-02,39.70000076293945,39.130001068115234,39.63999938964844,39.15999984741211,2735100.0,24.529483795166016
2007-03-05,39.869998931884766,38.93000030517578,39.150001525878906,39.5,4299800.0,24.74245834350586
2007-03-06,40.08000183105469,39.33000183105469,39.41999816894531,39.84000015258789,2816700.0,24.955425262451172
2007-03-07,40.0099983215332,39.33000183105469,39.33000183105469,39.869998931884766,3196800.0,24.97421646118164
2007-03-08,40.20000076293945,39.75,40.16999816894531,39.84000015258789,2364200.0,24.955425262451172
2007-03-09,40.2599983215332,39.400001525878906,40.2599983215332,39.47999954223633,2252600.0,24.72993278503418
2007-03-12,39.88999938964844,39.459999084472656,39.59000015258789,39.790000915527344,1711800.0,24.924121856689453
2007-03-13,39.560001373291016,38.689998626708984,39.540000915527344,38.9900016784668,4093400.0,24.423002243041992
2007-03-14,39.59000015258789,38.790000915527344,38.93000030517578,39.58000183105469,3470100.0,24.792566299438477
2007-03-15,40.11000061035156,39.20000076293945,39.68000030517578,40.060001373291016,3307200.0,25.09323501586914
2007-03-16,40.11000061035156,39.5099983215332,39.84000015258789,39.72999954223633,3006000.0,24.88652992248535
2007-03-19,40.189998626708984,39.70000076293945,39.7400016784668,39.90999984741211,1614900.0,24.99927520751953
2007-03-20,40.18000030517578,39.790000915527344,39.869998931884766,39.959999084472656,2555000.0,25.03059959411621
2007-03-21,40.900001525878906,39.849998474121094,40.119998931884766,40.900001525878906,2628900.0,25.61940574645996
2007-03-22,41.099998474121094,40.70000076293945,41.0,40.869998931884766,1426300.0,25.600614547729492
2007-03-23,41.0099983215332,40.65999984741211,40.7400016784668,40.72999954223633,1467300.0,25.512924194335938
2007-03-26,40.79999923706055,40.2599983215332,40.65999984741211,40.650001525878906,1956800.0,25.46280288696289
2007-03-27,40.529998779296875,39.689998626708984,40.459999084472656,39.70000076293945,3404200.0,24.86773109436035
2007-03-28,39.869998931884766,38.84000015258789,39.61000061035156,39.20000076293945,5419800.0,24.55454444885254
2007-03-29,39.29999923706055,38.36000061035156,38.869998931884766,38.43000030517578,6777400.0,24.07221221923828
2007-03-30,38.56999969482422,37.56999969482422,38.25,37.869998931884766,7925600.0,23.7214412689209
2007-04-02,38.34000015258789,37.400001525878906,38.189998626708984,37.5,4614400.0,23.489673614501953
2007-04-03,37.81999969482422,37.41999816894531,37.72999954223633,37.630001068115234,8067500.0,23.571109771728516
2007-04-04,37.91999816894531,37.5,37.630001068115234,37.90999984741211,4990600.0,23.746498107910156
2007-04-05,38.08000183105469,37.779998779296875,38.0,37.88999938964844,2824900.0,23.73396873474121
2007-04-09,37.939998626708984,37.58000183105469,37.900001525878906,37.65999984741211,3673500.0,23.589895248413086
2007-04-10,37.880001068115234,37.54999923706055,37.56999969482422,37.72999954223633,1972500.0,23.633743286132812
2007-04-11,37.70000076293945,36.7400016784668,37.650001525878906,36.91999816894531,4311500.0,23.126371383666992
2007-04-12,37.15999984741211,36.7400016784668,36.93000030517578,36.88999938964844,2884100.0,23.107576370239258
2007-04-13,36.880001068115234,36.47999954223633,36.849998474121094,36.75,3912400.0,23.019880294799805
2007-04-16,37.31999969482422,36.7599983215332,36.9900016784668,37.27000045776367,2460000.0,23.34560203552246
2007-04-17,37.61000061035156,37.16999816894531,37.18000030517578,37.27000045776367,2231400.0,23.34560203552246
2007-04-18,37.400001525878906,36.75,37.20000076293945,36.83000183105469,2897000.0,23.069988250732422
2007-04-19,36.70000076293945,36.16999816894531,36.66999816894531,36.25,4036700.0,22.706682205200195
2007-04-20,37.13999938964844,36.2599983215332,36.459999084472656,37.04999923706055,4569900.0,23.207794189453125
2007-04-23,37.189998626708984,36.88999938964844,37.11000061035156,37.0,1932900.0,23.176483154296875
2007-04-24,37.11000061035156,36.560001373291016,37.11000061035156,36.880001068115234,5005300.0,23.101306915283203
2007-04-25,37.099998474121094,36.75,36.86000061035156,37.04999923706055,3097000.0,23.207794189453125
2007-04-26,36.91999816894531,36.290000915527344,36.91999816894531,36.369998931884766,5610400.0,22.781850814819336
2007-04-27,37.540000915527344,36.08000183105469,36.33000183105469,37.540000915527344,5152400.0,23.65129852294922
2007-04-30,37.59000015258789,37.0099983215332,37.540000915527344,37.099998474121094,4526200.0,23.374086380004883
2007-05-01,37.56999969482422,37.0099983215332,37.02000045776367,37.54999923706055,4180400.0,23.6575927734375
2007-05-02,37.849998474121094,37.459999084472656,37.560001373291016,37.7599983215332,2966900.0,23.789894104003906
2007-05-03,37.97999954223633,37.54999923706055,37.95000076293945,37.90999984741211,3102600.0,23.884408950805664
2007-05-04,38.09000015258789,37.59000015258789,38.09000015258789,37.79999923706055,4480700.0,23.815099716186523
2007-05-07,38.33000183105469,37.7599983215332,37.810001373291016,38.099998474121094,2895100.0,24.00411605834961
2007-05-08,38.119998931884766,37.81999969482422,38.0,38.02000045776367,3846500.0,23.953706741333008
2007-05-09,38.709999084472656,37.849998474121094,37.90999984741211,38.58000183105469,3570900.0,24.306520462036133
2007-05-10,38.79999923706055,38.33000183105469,38.4900016784668,38.439998626708984,4186300.0,24.21831703186035
2007-05-11,39.04999923706055,38.38999938964844,38.849998474121094,39.040000915527344,4294400.0,24.596338272094727
2007-05-14,39.0,38.400001525878906,38.939998626708984,38.63999938964844,2597500.0,24.344322204589844
2007-05-15,38.81999969482422,38.060001373291016,38.7400016784668,38.099998474121094,3496900.0,24.00411605834961
2007-05-16,39.709999084472656,38.720001220703125,39.04999923706055,38.900001525878906,6154800.0,24.508134841918945
2007-05-17,39.150001525878906,38.560001373291016,39.150001525878906,38.81999969482422,2853400.0,24.457731246948242
2007-05-18,39.38999938964844,38.689998626708984,38.97999954223633,39.36000061035156,3167000.0,24.79794692993164
2007-05-21,40.04999923706055,39.220001220703125,39.2599983215332,39.97999954223633,4692100.0,25.188562393188477
2007-05-22,40.209999084472656,39.4900016784668,39.83000183105469,40.09000015258789,4287400.0,25.25786781311035
2007-05-23,40.470001220703125,39.95000076293945,40.09000015258789,40.220001220703125,3643400.0,25.33977508544922
2007-05-24,40.5,39.810001373291016,40.29999923706055,39.88999938964844,2993300.0,25.13186264038086
2007-05-25,40.2400016784668,39.650001525878906,39.88999938964844,40.06999969482422,2022000.0,25.245262145996094
2007-05-29,40.31999969482422,39.70000076293945,39.9900016784668,40.029998779296875,2441000.0,25.220067977905273
2007-05-30,40.08000183105469,39.08000183105469,39.939998626708984,39.84000015258789,5707600.0,25.100353240966797
2007-05-31,40.41999816894531,39.790000915527344,39.849998474121094,40.400001525878906,3441000.0,25.453168869018555
2007-06-01,40.84000015258789,40.4900016784668,40.630001068115234,40.599998474121094,2327400.0,25.579174041748047
2007-06-04,40.4900016784668,40.13999938964844,40.279998779296875,40.27000045776367,2066000.0,25.37127113342285
2007-06-05,40.279998779296875,39.65999984741211,40.119998931884766,40.22999954223633,4104100.0,25.34607696533203
2007-06-06,40.22999954223633,39.790000915527344,40.22999954223633,39.849998474121094,2384700.0,25.106664657592773
2007-06-07,39.68000030517578,39.119998931884766,39.650001525878906,39.2599983215332,3125800.0,24.734943389892578
2007-06-08,39.72999954223633,38.689998626708984,39.0,39.689998626708984,2169300.0,25.005847930908203
2007-06-11,40.18000030517578,39.4900016784668,39.689998626708984,39.880001068115234,1892700.0,25.12556266784668
2007-06-12,39.77000045776367,39.209999084472656,39.66999816894531,39.54999923706055,3417200.0,24.917648315429688
2007-06-13,40.36000061035156,39.5,39.58000183105469,40.33000183105469,2568600.0,25.409074783325195
2007-06-14,40.45000076293945,39.970001220703125,40.29999923706055,40.2400016784668,2797600.0,25.35237693786621
2007-06-15,40.72999954223633,40.20000076293945,40.56999969482422,40.369998931884766,4291700.0,25.43427085876465
2007-06-18,40.58000183105469,40.04999923706055,40.29999923706055,40.11000061035156,2094100.0,25.270462036132812
2007-06-19,40.31999969482422,39.779998779296875,40.0,40.27000045776367,2354800.0,25.37127113342285
2007-06-20,40.54999923706055,39.9900016784668,40.349998474121094,40.209999084472656,1852100.0,25.33346939086914
2007-06-21,40.41999816894531,39.90999984741211,40.18000030517578,40.20000076293945,2417500.0,25.327167510986328
2007-06-22,40.25,39.630001068115234,40.130001068115234,39.689998626708984,2388400.0,25.005847930908203
2007-06-25,40.09000015258789,39.2599983215332,39.880001068115234,39.41999816894531,2759100.0,24.835742950439453
2007-06-26,39.79999923706055,39.220001220703125,39.59000015258789,39.779998779296875,3324100.0,25.062562942504883
2007-06-27,40.290000915527344,39.220001220703125,39.220001220703125,40.22999954223633,2707600.0,25.34607696533203
2007-06-28,39.91999816894531,39.09000015258789,39.5,39.279998779296875,4336400.0,24.74753761291504
2007-06-29,39.34000015258789,38.900001525878906,39.279998779296875,39.119998931884766,3658100.0,24.646743774414062
2007-07-02,39.54999923706055,38.93000030517578,39.41999816894531,39.369998931884766,2233900.0,24.804244995117188
2007-07-03,39.5,38.790000915527344,39.36000061035156,38.970001220703125,1691800.0,24.552236557006836
2007-07-05,39.20000076293945,38.81999969482422,39.0099983215332,39.150001525878906,2307500.0,24.665639877319336
2007-07-06,39.599998474121094,39.0099983215332,39.2599983215332,39.369998931884766,1689200.0,24.804244995117188
2007-07-09,39.65999984741211,39.0,39.2599983215332,39.650001525878906,3362200.0,24.980661392211914
2007-07-10,40.459999084472656,39.45000076293945,39.5,40.27000045776367,5030800.0,25.37127113342285
2007-07-11,41.0,40.119998931884766,40.18000030517578,40.97999954223633,5247100.0,25.818586349487305
2007-07-12,41.439998626708984,40.689998626708984,40.77000045776367,41.439998626708984,3437100.0,26.108409881591797
2007-07-13,43.7400016784668,42.060001373291016,42.83000183105469,43.439998626708984,9261600.0,27.36846923828125
2007-07-16,44.13999938964844,42.5,43.08000183105469,43.939998626708984,4711800.0,27.68347930908203
2007-07-17,44.060001373291016,43.66999816894531,43.79999923706055,43.90999984741211,4562100.0,27.664573669433594
2007-07-18,44.0,42.75,43.88999938964844,43.47999954223633,3059000.0,27.393661499023438
2007-07-19,43.4900016784668,43.040000915527344,43.400001525878906,43.380001068115234,2573600.0,27.330671310424805
2007-07-20,43.5,42.59000015258789,43.4900016784668,42.66999816894531,4605100.0,26.883338928222656
2007-07-23,43.369998931884766,42.779998779296875,42.9900016784668,43.0099983215332,3164000.0,27.097553253173828
2007-07-24,43.349998474121094,42.380001068115234,43.08000183105469,42.5099983215332,3493300.0,26.78253936767578
2007-07-25,42.959999084472656,42.18000030517578,42.2599983215332,42.7599983215332,4085300.0,26.940038681030273
2007-07-26,42.5,41.58000183105469,42.380001068115234,42.2599983215332,5139300.0,26.625024795532227
2007-07-27,42.619998931884766,41.61000061035156,42.59000015258789,41.61000061035156,4736400.0,26.21550941467285
2007-07-30,42.09000015258789,41.16999816894531,41.5,41.93000030517578,3457400.0,26.60896110534668
2007-07-31,42.36000061035156,41.380001068115234,42.209999084472656,41.380001068115234,3453000.0,26.259931564331055
2007-08-01,41.88999938964844,41.0,41.380001068115234,41.689998626708984,4502300.0,26.4566650390625
2007-08-02,42.2400016784668,41.400001525878906,41.959999084472656,42.13999938964844,2637500.0,26.742237091064453
2007-08-03,43.2599983215332,41.880001068115234,42.22999954223633,42.540000915527344,5943300.0,26.996076583862305
2007-08-06,44.95000076293945,42.540000915527344,42.61000061035156,44.869998931884766,7023900.0,28.474695205688477
2007-08-07,45.7400016784668,44.33000183105469,44.72999954223633,45.349998474121094,6076100.0,28.779312133789062
2007-08-08,46.5,45.130001068115234,45.130001068115234,46.310001373291016,5718300.0,29.388540267944336
2007-08-09,47.13999938964844,45.5,45.560001373291016,45.650001525878906,6283100.0,28.969696044921875
2007-08-10,46.11000061035156,44.779998779296875,45.349998474121094,45.27000045776367,5798400.0,28.728544235229492
2007-08-13,45.40999984741211,44.150001525878906,45.150001525878906,44.540000915527344,4741300.0,28.265277862548828
2007-08-14,45.060001373291016,44.369998931884766,44.90999984741211,44.439998626708984,3629400.0,28.201818466186523
2007-08-15,44.91999816894531,43.81999969482422,44.47999954223633,44.0,4450500.0,27.92259407043457
2007-08-16,45.0,43.06999969482422,43.81999969482422,44.369998931884766,4298600.0,28.15738868713379
2007-08-17,45.0,43.61000061035156,44.54999923706055,44.88999938964844,4018000.0,28.487390518188477
2007-08-20,45.0,43.95000076293945,44.88999938964844,44.29999923706055,2767400.0,28.11296844482422
2007-08-21,45.060001373291016,44.11000061035156,44.11000061035156,44.38999938964844,2952900.0,28.170087814331055
2007-08-22,44.90999984741211,43.77000045776367,44.43000030517578,43.970001220703125,4002100.0,27.903562545776367
2007-08-23,44.119998931884766,43.470001220703125,44.0099983215332,43.77000045776367,2630600.0,27.776630401611328
2007-08-24,44.43000030517578,43.189998626708984,43.68000030517578,44.36000061035156,3126600.0,28.151046752929688
2007-08-27,44.470001220703125,44.029998779296875,44.36000061035156,44.189998626708984,2569700.0,28.043169021606445
2007-08-28,44.189998626708984,43.290000915527344,44.06999969482422,43.380001068115234,2581800.0,27.529138565063477
2007-08-29,44.560001373291016,43.20000076293945,43.4900016784668,44.459999084472656,2677800.0,28.214502334594727
2007-08-30,44.68000030517578,43.9900016784668,44.29999923706055,44.27000045776367,2994900.0,28.09394073486328
2007-08-31,44.880001068115234,44.279998779296875,44.5,44.43000030517578,2483600.0,28.195480346679688
2007-09-04,45.2599983215332,44.5099983215332,44.58000183105469,45.119998931884766,4189000.0,28.63334846496582
2007-09-05,45.220001220703125,44.619998931884766,44.86000061035156,44.790000915527344,3228600.0,28.423927307128906
2007-09-06,45.650001525878906,44.959999084472656,45.060001373291016,45.02000045776367,1925600.0,28.56990623474121
2007-09-07,44.43000030517578,43.29999923706055,44.2599983215332,43.4900016784668,4844300.0,27.598947525024414
2007-09-10,44.13999938964844,43.310001373291016,43.75,43.540000915527344,2342100.0,27.630685806274414
2007-09-11,44.33000183105469,43.529998779296875,43.790000915527344,44.150001525878906,2534600.0,28.017786026000977
2007-09-12,44.150001525878906,43.689998626708984,43.880001068115234,43.810001373291016,2647000.0,27.802026748657227
2007-09-13,44.22999954223633,42.91999816894531,43.709999084472656,43.06999969482422,3576500.0,27.332416534423828
2007-09-14,43.34000015258789,42.2400016784668,42.709999084472656,43.06999969482422,2875500.0,27.332416534423828
2007-09-17,42.79999923706055,42.34000015258789,42.72999954223633,42.5099983215332,2294400.0,26.97702980041504
2007-09-18,43.4900016784668,42.43000030517578,42.52000045776367,43.25,2598200.0,27.446643829345703
2007-09-19,44.189998626708984,43.27000045776367,43.349998474121094,43.88999938964844,2051100.0,27.852785110473633
2007-09-20,44.16999816894531,43.459999084472656,43.7599983215332,43.5,2365000.0,27.60529899597168
2007-09-21,44.13999938964844,43.18000030517578,43.779998779296875,43.439998626708984,3544400.0,27.567211151123047
2007-09-24,44.0,43.13999938964844,43.380001068115234,43.2599983215332,1803800.0,27.452993392944336
2007-09-25,43.70000076293945,42.849998474121094,43.040000915527344,43.34000015258789,2173200.0,27.503753662109375
2007-09-26,43.72999954223633,43.0099983215332,43.40999984741211,43.58000183105469,2710700.0,27.656064987182617
2007-09-27,43.08000183105469,41.58000183105469,42.349998474121094,42.0,5793700.0,26.653385162353516
2007-09-28,42.099998474121094,40.77000045776367,42.029998779296875,41.0,4354600.0,26.018779754638672
2007-10-01,41.52000045776367,40.540000915527344,40.86000061035156,41.400001525878906,3199100.0,26.272632598876953
2007-10-02,41.4900016784668,40.5099983215332,41.459999084472656,40.77000045776367,3188200.0,25.872827529907227
2007-10-03,41.18000030517578,40.5,40.529998779296875,40.810001373291016,1662100.0,25.898216247558594
2007-10-04,41.279998779296875,40.790000915527344,40.970001220703125,41.150001525878906,1516500.0,26.113967895507812
2007-10-05,42.09000015258789,41.36000061035156,41.5,42.02000045776367,2278500.0,26.66607093811035
2007-10-08,42.66999816894531,42.0,42.43000030517578,42.15999984741211,1567300.0,26.754926681518555
2007-10-09,42.4900016784668,42.02000045776367,42.43000030517578,42.400001525878906,1529500.0,26.9072265625
2007-10-10,42.52000045776367,42.130001068115234,42.400001525878906,42.34000015258789,1290000.0,26.86915397644043
2007-10-11,42.61000061035156,41.540000915527344,42.38999938964844,41.619998931884766,1607600.0,26.412233352661133
2007-10-12,42.25,41.619998931884766,41.77000045776367,42.04999923706055,1508700.0,26.685121536254883
2007-10-15,42.040000915527344,41.34000015258789,41.79999923706055,41.880001068115234,1899000.0,26.57723045349121
2007-10-16,42.099998474121094,41.75,41.75,42.09000015258789,2539100.0,26.71049690246582
2007-10-17,42.79999923706055,41.83000183105469,42.45000076293945,42.75,2487500.0,27.12934684753418
2007-10-18,42.95000076293945,42.29999923706055,42.45000076293945,42.880001068115234,2222800.0,27.211841583251953
2007-10-19,43.0,41.619998931884766,42.900001525878906,41.68000030517578,3564600.0,26.450319290161133
2007-10-22,41.869998931884766,41.29999923706055,41.650001525878906,41.689998626708984,2488500.0,26.4566650390625
2007-10-23,41.7400016784668,41.27000045776367,41.599998474121094,41.7400016784668,2273800.0,26.488386154174805
2007-10-24,41.56999969482422,39.88999938964844,41.33000183105469,40.75,4350200.0,25.860137939453125
2007-10-25,41.04999923706055,39.75,40.779998779296875,40.400001525878906,4658600.0,25.63802146911621
2007-10-26,41.310001373291016,40.439998626708984,40.70000076293945,41.22999954223633,3164300.0,26.16473960876465
2007-10-29,41.38999938964844,40.68000030517578,41.33000183105469,41.11000061035156,2707100.0,26.088586807250977
2007-10-30,41.2400016784668,40.43000030517578,41.11000061035156,40.84000015258789,2150000.0,26.107763290405273
2007-10-31,42.0,40.7599983215332,40.810001373291016,41.779998779296875,2773800.0,26.708681106567383
2007-11-01,41.939998626708984,40.54999923706055,41.400001525878906,40.54999923706055,2941000.0,25.922374725341797
2007-11-02,41.619998931884766,40.7599983215332,41.02000045776367,41.16999816894531,2053400.0,26.318727493286133
2007-11-05,41.2599983215332,40.2599983215332,40.90999984741211,40.970001220703125,2408800.0,26.19087028503418
2007-11-06,41.2400016784668,40.13999938964844,41.04999923706055,40.59000015258789,2319700.0,25.947954177856445
2007-11-07,40.540000915527344,39.7599983215332,40.189998626708984,39.7599983215332,2248500.0,25.417346954345703
2007-11-08,40.27000045776367,39.709999084472656,39.86000061035156,39.900001525878906,3277400.0,25.506855010986328
2007-11-09,39.900001525878906,38.470001220703125,39.58000183105469,38.5,3769400.0,24.61187744140625
2007-11-12,39.400001525878906,38.5099983215332,38.5099983215332,38.869998931884766,3808800.0,24.84841537475586
2007-11-13,39.5,38.70000076293945,39.040000915527344,39.45000076293945,3709000.0,25.21918487548828
2007-11-14,39.66999816894531,38.59000015258789,39.66999816894531,38.779998779296875,2079800.0,24.790868759155273
2007-11-15,39.56999969482422,38.650001525878906,38.720001220703125,38.880001068115234,2891000.0,24.854799270629883
2007-11-16,40.119998931884766,39.16999816894531,39.189998626708984,39.97999954223633,3436300.0,25.558000564575195
2007-11-19,39.88999938964844,38.72999954223633,39.88999938964844,39.310001373291016,3231400.0,25.129682540893555
2007-11-20,39.93000030517578,38.16999816894531,39.369998931884766,38.88999938964844,3924700.0,24.861190795898438
2007-11-21,39.04999923706055,38.09000015258789,38.72999954223633,38.150001525878906,2843500.0,24.388137817382812
2007-11-23,38.5099983215332,38.040000915527344,38.189998626708984,38.189998626708984,966100.0,24.413698196411133
2007-11-26,38.2400016784668,37.16999816894531,38.0099983215332,37.2400016784668,3739100.0,23.806394577026367
2007-11-27,37.90999984741211,37.220001220703125,37.5099983215332,37.47999954223633,3447100.0,23.959823608398438
2007-11-28,38.619998931884766,37.04999923706055,37.95000076293945,38.619998931884766,3498200.0,24.6885986328125
2007-11-29,39.25,38.369998931884766,38.70000076293945,38.939998626708984,3515000.0,24.893157958984375
2007-11-30,39.540000915527344,38.869998931884766,39.34000015258789,39.0,3869900.0,24.931514739990234
2007-12-03,39.58000183105469,38.16999816894531,38.720001220703125,39.29999923706055,3039400.0,25.123292922973633
2007-12-04,39.529998779296875,38.83000183105469,39.0,39.45000076293945,2325800.0,25.21918487548828
2007-12-05,40.33000183105469,39.5,39.599998474121094,40.189998626708984,2946300.0,25.692237854003906
2007-12-06,40.310001373291016,39.68000030517578,40.2400016784668,40.2400016784668,2069500.0,25.724199295043945
2007-12-07,40.29999923706055,39.90999984741211,40.22999954223633,40.099998474121094,1836900.0,25.63471031188965
2007-12-10,40.470001220703125,40.11000061035156,40.13999938964844,40.27000045776367,1965000.0,25.743389129638672
2007-12-11,40.68000030517578,39.54999923706055,40.2400016784668,39.619998931884766,2579900.0,25.32785415649414
2007-12-12,40.41999816894531,38.91999816894531,40.18000030517578,39.529998779296875,3760300.0,25.270326614379883
2007-12-13,39.959999084472656,39.09000015258789,39.099998474121094,39.349998474121094,3248000.0,25.155256271362305
2007-12-14,39.209999084472656,38.2400016784668,39.04999923706055,38.36000061035156,3238900.0,24.522380828857422
2007-12-17,38.36000061035156,37.630001068115234,38.150001525878906,37.77000045776367,2597600.0,24.145214080810547
2007-12-18,38.720001220703125,37.61000061035156,38.099998474121094,38.11000061035156,3449800.0,24.36256217956543
2007-12-19,38.939998626708984,38.0,38.2599983215332,38.4900016784668,2836500.0,24.605485916137695
2007-12-20,38.439998626708984,36.81999969482422,38.119998931884766,37.02000045776367,5237400.0,23.6657657623291
2007-12-21,37.79999923706055,37.119998931884766,37.369998931884766,37.290000915527344,6145500.0,23.838359832763672
2007-12-24,37.52000045776367,37.040000915527344,37.4900016784668,37.470001220703125,1034500.0,23.953433990478516
2007-12-26,37.599998474121094,37.09000015258789,37.18000030517578,37.29999923706055,1343500.0,23.844749450683594
2007-12-27,37.66999816894531,36.59000015258789,37.66999816894531,36.630001068115234,1810100.0,23.41645050048828
2007-12-28,37.02000045776367,36.47999954223633,36.59000015258789,36.59000015258789,1534000.0,23.39087677001953
2007-12-31,36.58000183105469,35.959999084472656,36.380001068115234,36.220001220703125,2043000.0,23.154338836669922
2008-01-02,36.25,34.77000045776367,36.02000045776367,34.9900016784668,4130300.0,22.368038177490234
2008-01-03,35.88999938964844,35.02000045776367,35.279998779296875,35.13999938964844,3321900.0,22.463937759399414
2008-01-04,34.75,33.86000061035156,34.45000076293945,34.0099983215332,4332200.0,21.741554260253906
2008-01-07,34.79999923706055,33.869998931884766,34.25,34.689998626708984,3105000.0,22.17626190185547
2008-01-08,34.77000045776367,33.5099983215332,34.41999816894531,33.560001373291016,3574300.0,21.453887939453125
2008-01-09,33.880001068115234,33.099998474121094,33.5099983215332,33.5099983215332,4198900.0,21.421918869018555
2008-01-10,34.29999923706055,33.2400016784668,33.61000061035156,33.869998931884766,3538300.0,21.652061462402344
2008-01-11,34.43000030517578,33.4900016784668,34.43000030517578,33.779998779296875,3724500.0,21.594526290893555
2008-01-14,33.33000183105469,32.380001068115234,33.25,32.9900016784668,4779200.0,21.08949851989746
2008-01-15,33.36000061035156,32.7400016784668,32.79999923706055,33.060001373291016,3593700.0,21.134246826171875
2008-01-16,34.25,33.150001525878906,33.22999954223633,33.63999938964844,4701000.0,21.505033493041992
2008-01-17,33.7400016784668,32.900001525878906,33.20000076293945,33.029998779296875,3457900.0,21.115076065063477
2008-01-18,34.0,32.599998474121094,32.70000076293945,33.209999084472656,4670200.0,21.23013687133789
2008-01-22,32.84000015258789,31.459999084472656,31.670000076293945,32.119998931884766,4541700.0,20.533334732055664
2008-01-23,33.540000915527344,31.40999984741211,31.420000076293945,33.34000015258789,5049600.0,21.31324577331543
2008-01-24,33.61000061035156,32.380001068115234,32.380001068115234,33.09000015258789,3905700.0,21.153430938720703
2008-01-25,33.650001525878906,32.959999084472656,33.619998931884766,33.13999938964844,3203400.0,21.185396194458008
2008-01-28,33.79999923706055,32.619998931884766,32.619998931884766,33.70000076293945,2310500.0,21.54338264465332
2008-01-29,34.529998779296875,33.689998626708984,33.939998626708984,34.31999969482422,3795100.0,21.939725875854492
2008-01-30,34.689998626708984,32.84000015258789,34.18000030517578,32.959999084472656,6173100.0,21.25613021850586
2008-01-31,32.880001068115234,31.979999542236328,32.150001525878906,32.720001220703125,9757600.0,21.10135841369629
2008-02-01,34.220001220703125,32.619998931884766,33.529998779296875,33.869998931884766,4857800.0,21.84299087524414
2008-02-04,34.439998626708984,33.349998474121094,33.91999816894531,33.540000915527344,1727300.0,21.630172729492188
2008-02-05,33.349998474121094,32.599998474121094,32.93000030517578,32.630001068115234,3256200.0,21.043310165405273
2008-02-06,32.939998626708984,31.950000762939453,32.790000915527344,32.0099983215332,2733800.0,20.643463134765625
2008-02-07,32.36000061035156,31.399999618530273,31.93000030517578,32.11000061035156,4739800.0,20.707958221435547
2008-02-08,32.5099983215332,32.0,32.0099983215332,32.150001525878906,3137600.0,20.73375701904297
2008-02-11,32.61000061035156,32.060001373291016,32.25,32.43000030517578,1980800.0,20.914325714111328
2008-02-12,33.810001373291016,32.279998779296875,32.279998779296875,33.40999984741211,4129200.0,21.54633140563965
2008-02-13,34.58000183105469,33.810001373291016,33.900001525878906,34.470001220703125,3988900.0,22.229938507080078
2008-02-14,35.290000915527344,34.0,34.0099983215332,34.16999816894531,3618200.0,22.036466598510742
2008-02-15,34.18000030517578,33.52000045776367,33.93000030517578,33.66999816894531,2200800.0,21.71401023864746
2008-02-19,34.63999938964844,33.5099983215332,34.59000015258789,33.650001525878906,2204700.0,21.701114654541016
2008-02-20,34.2400016784668,33.4900016784668,33.5,34.20000076293945,2588000.0,22.055814743041992
2008-02-21,34.41999816894531,33.689998626708984,33.689998626708984,33.88999938964844,2759200.0,21.85589027404785
2008-02-22,34.27000045776367,32.63999938964844,34.27000045776367,33.029998779296875,4919600.0,21.301273345947266
2008-02-25,33.349998474121094,32.68000030517578,33.2400016784668,33.29999923706055,5139200.0,21.47539520263672
2008-02-26,33.040000915527344,32.13999938964844,32.58000183105469,32.83000183105469,4547300.0,21.17229461669922
2008-02-27,32.97999954223633,32.56999969482422,32.720001220703125,32.72999954223633,2295400.0,21.107799530029297
2008-02-28,32.720001220703125,32.13999938964844,32.599998474121094,32.150001525878906,2374200.0,20.73375701904297
2008-02-29,32.0,31.350000381469727,31.850000381469727,31.459999084472656,5514200.0,20.288766860961914
2008-03-03,31.850000381469727,31.09000015258789,31.850000381469727,31.299999237060547,4130800.0,20.185579299926758
2008-03-04,31.969999313354492,31.100000381469727,31.15999984741211,31.93000030517578,4021000.0,20.591876983642578
2008-03-05,32.2599983215332,31.450000762939453,31.8700008392334,31.850000381469727,3103300.0,20.540283203125
2008-03-06,31.920000076293945,30.940000534057617,31.770000457763672,30.959999084472656,3381800.0,19.966318130493164
2008-03-07,31.1299991607666,30.219999313354492,30.84000015258789,30.5,3955400.0,19.669660568237305
2008-03-10,30.969999313354492,30.09000015258789,30.5,30.479999542236328,3824100.0,19.656761169433594
2008-03-11,31.6299991607666,30.579999923706055,30.93000030517578,31.6299991607666,3559300.0,20.398401260375977
2008-03-12,32.13999938964844,31.579999923706055,31.809999465942383,31.65999984741211,3237100.0,20.41775131225586
2008-03-13,31.860000610351562,31.0,31.40999984741211,31.510000228881836,3368700.0,20.32101821899414
2008-03-14,31.780000686645508,30.549999237060547,31.510000228881836,31.100000381469727,4041000.0,20.056608200073242
2008-03-17,31.3700008392334,30.520000457763672,31.31999969482422,31.010000228881836,4537600.0,19.99856185913086
2008-03-18,32.09000015258789,31.149999618530273,31.530000686645508,32.06999969482422,3392300.0,20.682161331176758
2008-03-19,32.61000061035156,31.850000381469727,32.400001525878906,31.850000381469727,4902400.0,20.540283203125
2008-03-20,33.0,31.75,32.029998779296875,32.9900016784668,5723800.0,21.27547264099121
2008-03-24,34.20000076293945,32.91999816894531,33.18000030517578,33.959999084472656,3565300.0,21.90103530883789
2008-03-25,34.15999984741211,33.220001220703125,34.02000045776367,33.290000915527344,4507800.0,21.46894073486328
2008-03-26,33.630001068115234,32.79999923706055,33.029998779296875,32.880001068115234,3728500.0,21.20453643798828
2008-03-27,34.16999816894531,32.029998779296875,32.099998474121094,33.349998474121094,5805200.0,21.50764274597168
2008-03-28,33.959999084472656,33.209999084472656,33.689998626708984,33.45000076293945,3921400.0,21.57213020324707
2008-03-31,34.459999084472656,33.709999084472656,33.939998626708984,34.2599983215332,3846300.0,22.094505310058594
2008-04-01,35.650001525878906,34.380001068115234,34.470001220703125,35.650001525878906,5507700.0,22.990934371948242
2008-04-02,35.97999954223633,35.20000076293945,35.58000183105469,35.84000015258789,3980800.0,23.11345863342285
2008-04-03,35.790000915527344,35.040000915527344,35.5,35.77000045776367,4484000.0,23.068309783935547
2008-04-04,36.5,35.400001525878906,35.90999984741211,36.38999938964844,4509600.0,23.468158721923828
2008-04-07,36.599998474121094,35.90999984741211,36.54999923706055,35.97999954223633,3805900.0,23.203746795654297
2008-04-08,36.29999923706055,35.619998931884766,36.29999923706055,35.810001373291016,4540200.0,23.094120025634766
2008-04-09,35.88999938964844,35.13999938964844,35.81999969482422,35.290000915527344,4852100.0,22.758758544921875
2008-04-10,35.970001220703125,34.9900016784668,35.06999969482422,35.849998474121094,3373500.0,23.119903564453125
2008-04-11,36.04999923706055,35.41999816894531,36.04999923706055,35.54999923706055,3844600.0,22.92643928527832
2008-04-14,35.720001220703125,35.31999969482422,35.709999084472656,35.45000076293945,1796900.0,22.861948013305664
2008-04-15,35.689998626708984,35.15999984741211,35.560001373291016,35.63999938964844,2204500.0,22.984472274780273
2008-04-16,36.599998474121094,35.650001525878906,35.81999969482422,36.40999984741211,2404500.0,23.481056213378906
2008-04-17,36.70000076293945,36.130001068115234,36.56999969482422,36.459999084472656,1810400.0,23.513303756713867
2008-04-18,37.150001525878906,36.58000183105469,37.150001525878906,36.75,3720900.0,23.700321197509766
2008-04-21,36.599998474121094,36.22999954223633,36.2400016784668,36.470001220703125,1949100.0,23.519756317138672
2008-04-22,36.470001220703125,35.720001220703125,36.27000045776367,36.18000030517578,2325100.0,23.33272933959961
2008-04-23,36.560001373291016,35.869998931884766,36.54999923706055,36.27000045776367,2628600.0,23.390769958496094
2008-04-24,36.709999084472656,36.060001373291016,36.349998474121094,36.45000076293945,2599100.0,23.506851196289062
2008-04-25,36.58000183105469,35.869998931884766,36.43000030517578,36.5,1870600.0,23.539093017578125
2008-04-28,36.61000061035156,36.20000076293945,36.5,36.290000915527344,1605300.0,23.403671264648438
2008-04-29,36.290000915527344,35.83000183105469,36.189998626708984,36.04999923706055,1873400.0,23.442691802978516
2008-04-30,36.959999084472656,36.060001373291016,36.189998626708984,36.369998931884766,3667400.0,23.650775909423828
2008-05-01,37.29999923706055,35.900001525878906,36.18000030517578,37.209999084472656,3018500.0,24.1970157623291
2008-05-02,37.470001220703125,36.75,37.349998474121094,37.11000061035156,2504600.0,24.131982803344727
2008-05-05,37.15999984741211,36.43000030517578,36.939998626708984,36.52000045776367,1547400.0,23.748313903808594
2008-05-06,36.790000915527344,36.16999816894531,36.29999923706055,36.45000076293945,4735700.0,23.702796936035156
2008-05-07,36.54999923706055,35.689998626708984,36.41999816894531,35.77000045776367,2881700.0,23.260601043701172
2008-05-08,36.380001068115234,35.790000915527344,35.95000076293945,36.29999923706055,3032000.0,23.605260848999023
2008-05-09,36.13999938964844,35.709999084472656,35.90999984741211,35.95000076293945,1692000.0,23.377668380737305
2008-05-12,36.650001525878906,35.7599983215332,36.13999938964844,36.599998474121094,1876000.0,23.800338745117188
2008-05-13,36.650001525878906,35.95000076293945,36.599998474121094,36.31999969482422,2594200.0,23.618261337280273
2008-05-14,36.70000076293945,36.18000030517578,36.20000076293945,36.369998931884766,1548400.0,23.650775909423828
2008-05-15,36.93000030517578,36.150001525878906,36.22999954223633,36.84000015258789,1939800.0,23.956411361694336
2008-05-16,37.0,36.16999816894531,37.0,36.540000915527344,2346400.0,23.761335372924805
2008-05-19,36.599998474121094,36.08000183105469,36.529998779296875,36.27000045776367,2199300.0,23.585744857788086
2008-05-20,36.70000076293945,36.0,36.189998626708984,36.18000030517578,1667300.0,23.527223587036133
2008-05-21,36.7599983215332,36.06999969482422,36.47999954223633,36.15999984741211,3313300.0,23.51421356201172
2008-05-22,36.2599983215332,34.7599983215332,36.029998779296875,34.869998931884766,6082700.0,22.675344467163086
2008-05-23,34.939998626708984,33.93000030517578,34.720001220703125,34.11000061035156,5487900.0,22.181137084960938
2008-05-27,34.689998626708984,34.099998474121094,34.5,34.61000061035156,3121700.0,22.506284713745117
2008-05-28,34.93000030517578,34.25,34.779998779296875,34.45000076293945,2458600.0,22.402233123779297
2008-05-29,35.36000061035156,34.43000030517578,34.619998931884766,35.0099983215332,2859700.0,22.766395568847656
2008-05-30,35.189998626708984,34.470001220703125,35.0099983215332,34.54999923706055,3464700.0,22.467266082763672
2008-06-02,34.36000061035156,33.58000183105469,34.29999923706055,33.790000915527344,4220000.0,21.973047256469727
2008-06-03,34.349998474121094,33.52000045776367,33.97999954223633,33.630001068115234,4356900.0,21.86900520324707
2008-06-04,34.119998931884766,33.36000061035156,33.58000183105469,33.61000061035156,4461000.0,21.855998992919922
2008-06-05,34.09000015258789,33.439998626708984,33.630001068115234,34.0,4411400.0,22.10960578918457
2008-06-06,33.900001525878906,32.79999923706055,33.75,33.16999816894531,6950200.0,21.569868087768555
2008-06-09,33.5099983215332,32.650001525878906,33.16999816894531,33.34000015258789,5396300.0,21.680418014526367
2008-06-10,33.869998931884766,33.099998474121094,33.45000076293945,33.279998779296875,4135600.0,21.64139747619629
2008-06-11,33.41999816894531,32.40999984741211,33.15999984741211,32.52000045776367,5230900.0,21.14719009399414
2008-06-12,33.439998626708984,32.599998474121094,32.959999084472656,32.869998931884766,4332600.0,21.374786376953125
2008-06-13,33.65999984741211,33.0,33.2599983215332,33.650001525878906,2669700.0,21.882009506225586
2008-06-16,33.90999984741211,32.900001525878906,33.7400016784668,33.66999816894531,2644000.0,21.89501190185547
2008-06-17,33.7400016784668,33.0,33.68000030517578,33.040000915527344,2388000.0,21.485336303710938
2008-06-18,32.95000076293945,32.459999084472656,32.90999984741211,32.599998474121094,2990500.0,21.199209213256836
2008-06-19,33.400001525878906,32.36000061035156,32.47999954223633,33.2599983215332,2659400.0,21.628402709960938
2008-06-20,33.18000030517578,32.220001220703125,32.79999923706055,32.38999938964844,4589600.0,21.06264877319336
2008-06-23,32.709999084472656,31.940000534057617,32.65999984741211,32.0,4272800.0,20.809038162231445
2008-06-24,31.959999084472656,31.399999618530273,31.649999618530273,31.600000381469727,5245000.0,20.548931121826172
2008-06-25,32.52000045776367,31.3700008392334,31.5,32.09000015258789,3792200.0,20.867565155029297
2008-06-26,32.54999923706055,31.610000610351562,31.6200008392334,32.040000915527344,6630800.0,20.83504867553711
2008-06-27,32.18000030517578,31.18000030517578,31.920000076293945,31.579999923706055,7237800.0,20.535917282104492
2008-06-30,31.899999618530273,31.280000686645508,31.43000030517578,31.280000686645508,3833600.0,20.340839385986328
2008-07-01,31.90999984741211,30.979999542236328,31.020000457763672,31.75,4292600.0,20.64647102355957
2008-07-02,32.150001525878906,30.799999237060547,32.08000183105469,30.84000015258789,5061600.0,20.05471420288086
2008-07-03,31.469999313354492,31.010000228881836,31.09000015258789,31.040000915527344,2590300.0,20.18477439880371
2008-07-07,31.540000915527344,30.459999084472656,31.219999313354492,31.020000457763672,4982300.0,20.17176055908203
2008-07-08,32.15999984741211,30.860000610351562,31.020000457763672,32.130001068115234,7222300.0,20.893587112426758
2008-07-09,32.5099983215332,31.540000915527344,32.029998779296875,31.540000915527344,4499700.0,20.509910583496094
2008-07-10,32.13999938964844,31.34000015258789,31.469999313354492,31.950000762939453,4038900.0,20.776525497436523
2008-07-11,31.979999542236328,31.100000381469727,31.510000228881836,31.329999923706055,3248300.0,20.37334632873535
2008-07-14,31.75,30.59000015258789,31.3700008392334,30.65999984741211,3122400.0,19.937667846679688
2008-07-15,31.239999771118164,30.260000228881836,30.3700008392334,30.739999771118164,4137200.0,19.98968505859375
2008-07-16,32.060001373291016,30.559999465942383,31.06999969482422,32.0,3529700.0,20.809038162231445
2008-07-17,32.709999084472656,31.770000457763672,32.0099983215332,32.689998626708984,5684800.0,21.25773811340332
2008-07-18,33.150001525878906,32.34000015258789,32.36000061035156,32.959999084472656,5524500.0,21.433313369750977
2008-07-21,33.290000915527344,32.59000015258789,32.970001220703125,33.189998626708984,4224400.0,21.5828800201416
2008-07-22,33.689998626708984,32.84000015258789,33.349998474121094,33.689998626708984,4503600.0,21.908016204833984
2008-07-23,34.06999969482422,33.29999923706055,33.81999969482422,33.709999084472656,3670400.0,21.921022415161133
2008-07-24,33.560001373291016,32.52000045776367,33.27000045776367,32.880001068115234,3687400.0,21.381290435791016
2008-07-25,33.13999938964844,32.619998931884766,33.119998931884766,32.88999938964844,2920100.0,21.387792587280273
2008-07-28,32.95000076293945,32.279998779296875,32.709999084472656,32.34000015258789,2606600.0,21.03013801574707
2008-07-29,33.09000015258789,32.33000183105469,32.38999938964844,33.02000045776367,3638800.0,21.472328186035156
2008-07-30,33.189998626708984,32.52000045776367,33.13999938964844,32.81999969482422,2725300.0,21.544540405273438
2008-07-31,33.400001525878906,32.4900016784668,32.4900016784668,32.91999816894531,3584500.0,21.610179901123047
2008-08-01,33.16999816894531,32.099998474121094,33.060001373291016,32.77000045776367,3251800.0,21.511716842651367
2008-08-04,33.439998626708984,32.41999816894531,33.439998626708984,32.65999984741211,1887400.0,21.439504623413086
2008-08-05,33.66999816894531,32.68000030517578,33.0,33.65999984741211,3032800.0,22.09595489501953
2008-08-06,34.08000183105469,33.209999084472656,33.25,34.0099983215332,2578400.0,22.32571029663086
2008-08-07,33.9900016784668,33.13999938964844,33.63999938964844,33.189998626708984,3373700.0,21.787424087524414
2008-08-08,34.65999984741211,33.16999816894531,33.709999084472656,34.54999923706055,3436300.0,22.680187225341797
2008-08-11,35.16999816894531,34.06999969482422,34.439998626708984,34.869998931884766,2668600.0,22.890249252319336
2008-08-12,35.16999816894531,34.58000183105469,34.939998626708984,34.810001373291016,2560700.0,22.850868225097656
2008-08-13,35.029998779296875,34.279998779296875,34.630001068115234,34.70000076293945,2130400.0,22.778656005859375
2008-08-14,35.220001220703125,34.38999938964844,34.4900016784668,35.04999923706055,2497700.0,23.00840950012207
2008-08-15,35.369998931884766,34.68000030517578,35.349998474121094,35.02000045776367,2972000.0,22.988718032836914
2008-08-18,35.529998779296875,34.869998931884766,35.45000076293945,35.099998474121094,3007900.0,23.041236877441406
2008-08-19,35.099998474121094,34.27000045776367,34.88999938964844,34.400001525878906,2402600.0,22.58172607421875
2008-08-20,35.0,34.20000076293945,34.560001373291016,34.52000045776367,2396000.0,22.66049575805664
2008-08-21,34.68000030517578,34.0,34.27000045776367,34.4900016784668,2102300.0,22.64080047607422
2008-08-22,35.220001220703125,34.11000061035156,34.31999969482422,35.02000045776367,2150100.0,22.988718032836914
2008-08-25,34.84000015258789,33.959999084472656,34.709999084472656,34.04999923706055,2648100.0,22.351959228515625
2008-08-26,34.439998626708984,33.84000015258789,33.90999984741211,34.15999984741211,2145400.0,22.424179077148438
2008-08-27,35.11000061035156,34.09000015258789,34.31999969482422,34.790000915527344,3158500.0,22.83774185180664
2008-08-28,35.060001373291016,34.63999938964844,34.65999984741211,34.900001525878906,2013800.0,22.909950256347656
2008-08-29,35.220001220703125,33.939998626708984,35.209999084472656,34.08000183105469,3005900.0,22.371658325195312
2008-09-02,35.290000915527344,34.68000030517578,35.20000076293945,35.16999816894531,4621100.0,23.087188720703125
2008-09-03,35.25,34.599998474121094,34.720001220703125,34.81999969482422,4337000.0,22.85742950439453
2008-09-04,34.970001220703125,33.9900016784668,34.58000183105469,33.9900016784668,2795800.0,22.312585830688477
2008-09-05,33.83000183105469,33.08000183105469,33.75,33.349998474121094,3954700.0,21.892454147338867
2008-09-08,34.2400016784668,33.40999984741211,33.599998474121094,33.790000915527344,5116200.0,22.181289672851562
2008-09-09,34.150001525878906,32.91999816894531,34.0099983215332,32.95000076293945,4562400.0,21.62987518310547
2008-09-10,33.47999954223633,32.849998474121094,33.18000030517578,33.099998474121094,2991800.0,21.728342056274414
2008-09-11,34.029998779296875,32.75,32.93000030517578,34.0,3760600.0,22.319143295288086
2008-09-12,34.279998779296875,33.470001220703125,33.58000183105469,34.0099983215332,3181100.0,22.32571029663086
2008-09-15,34.25,33.15999984741211,33.59000015258789,33.18000030517578,3435700.0,21.780866622924805
2008-09-16,33.38999938964844,31.75,33.0,32.59000015258789,7133700.0,21.3935546875
2008-09-17,32.540000915527344,31.709999084472656,32.459999084472656,31.709999084472656,5007600.0,20.815887451171875
2008-09-18,32.880001068115234,31.6200008392334,32.290000915527344,32.09000015258789,7307400.0,21.065330505371094
2008-09-19,33.790000915527344,31.200000762939453,33.099998474121094,32.88999938964844,6188000.0,21.590486526489258
2008-09-22,33.41999816894531,31.479999542236328,32.52000045776367,31.479999542236328,2844300.0,20.664905548095703
2008-09-23,32.13999938964844,31.440000534057617,31.729999542236328,31.469999313354492,2918100.0,20.658344268798828
2008-09-24,32.439998626708984,31.190000534057617,31.200000762939453,32.29999923706055,3102800.0,21.203187942504883
2008-09-25,31.989999771118164,31.260000228881836,31.469999313354492,31.719999313354492,6242400.0,20.822450637817383
2008-09-26,33.380001068115234,31.15999984741211,31.15999984741211,33.349998474121094,3749800.0,21.892454147338867
2008-09-29,33.59000015258789,32.5,32.5,32.79999923706055,7720400.0,21.531410217285156
2008-09-30,33.290000915527344,32.5099983215332,33.290000915527344,33.029998779296875,5034200.0,21.682388305664062
2008-10-01,33.66999816894531,32.25,33.66999816894531,32.63999938964844,4078000.0,21.42637825012207
2008-10-02,33.220001220703125,31.5,33.220001220703125,31.5,4483300.0,20.678030014038086
2008-10-03,32.790000915527344,31.020000457763672,31.93000030517578,31.030000686645508,5446100.0,20.369497299194336
2008-10-06,31.270000457763672,29.020000457763672,30.760000228881836,30.06999969482422,7691400.0,19.73931884765625
2008-10-07,31.31999969482422,28.899999618530273,31.31999969482422,28.90999984741211,7270300.0,18.977834701538086
2008-10-08,29.3799991607666,27.549999237060547,28.739999771118164,28.139999389648438,6645000.0,18.47237777709961
2008-10-09,28.549999237060547,27.200000762939453,28.299999237060547,27.459999084472656,7306700.0,18.025991439819336
2008-10-10,28.690000534057617,26.190000534057617,28.049999237060547,28.34000015258789,10628700.0,18.603666305541992
2008-10-13,30.309999465942383,27.68000030517578,28.93000030517578,30.299999237060547,6050800.0,19.89029312133789
2008-10-14,31.3700008392334,28.270000457763672,31.1200008392334,28.790000915527344,4988400.0,18.899066925048828
2008-10-15,28.790000915527344,26.709999084472656,28.6200008392334,27.059999465942383,8316900.0,17.763416290283203
2008-10-16,27.31999969482422,25.0,26.5,27.209999084472656,9752600.0,17.861875534057617
2008-10-17,27.389999389648438,26.020000457763672,26.420000076293945,26.600000381469727,6914100.0,17.461450576782227
2008-10-20,28.010000228881836,26.700000762939453,27.40999984741211,28.0,4685700.0,18.38047218322754
2008-10-21,27.940000534057617,26.110000610351562,27.81999969482422,26.1200008392334,4087200.0,17.146360397338867
2008-10-22,26.280000686645508,24.40999984741211,26.1200008392334,24.979999542236328,7501300.0,16.398012161254883
2008-10-23,25.709999084472656,24.030000686645508,25.0,25.239999771118164,6377800.0,16.568683624267578
2008-10-24,25.260000228881836,23.700000762939453,23.700000762939453,24.469999313354492,4160900.0,16.063222885131836
2008-10-27,25.450000762939453,23.760000228881836,24.059999465942383,24.260000228881836,4113200.0,15.925365447998047
2008-10-28,27.030000686645508,24.329999923706055,24.420000076293945,26.84000015258789,6010000.0,17.61899185180664
2008-10-29,27.43000030517578,25.850000381469727,26.889999389648438,26.459999084472656,6434700.0,17.572507858276367
2008-10-30,28.200000762939453,27.149999618530273,27.149999618530273,28.06999969482422,6565600.0,18.64173126220703
2008-10-31,28.920000076293945,27.309999465942383,28.0,28.540000915527344,3909000.0,18.95386505126953
2008-11-03,29.40999984741211,28.190000534057617,28.639999389648438,28.899999618530273,3080200.0,19.192941665649414
2008-11-04,29.31999969482422,28.40999984741211,29.190000534057617,29.290000915527344,4798100.0,19.451955795288086
2008-11-05,29.219999313354492,27.84000015258789,28.940000534057617,27.8799991607666,4269700.0,18.515552520751953
2008-11-06,28.1299991607666,26.510000228881836,27.440000534057617,26.649999618530273,4778600.0,17.698688507080078
2008-11-07,27.40999984741211,26.350000381469727,26.989999771118164,26.889999389648438,3977300.0,17.858074188232422
2008-11-10,27.59000015258789,26.510000228881836,27.399999618530273,26.770000457763672,2852500.0,17.778385162353516
2008-11-11,26.8799991607666,25.799999237060547,26.559999465942383,26.09000015258789,3338500.0,17.32678985595703
2008-11-12,25.899999618530273,25.06999969482422,25.75,25.100000381469727,4548500.0,16.6693115234375
2008-11-13,26.93000030517578,24.149999618530273,25.059999465942383,26.920000076293945,5920900.0,17.878005981445312
2008-11-14,26.93000030517578,25.59000015258789,26.299999237060547,25.700000762939453,4768600.0,17.067779541015625
2008-11-17,26.389999389648438,24.979999542236328,25.399999618530273,25.489999771118164,3893200.0,16.928314208984375
2008-11-18,26.18000030517578,25.100000381469727,25.450000762939453,25.739999771118164,4623100.0,17.094345092773438
2008-11-19,26.139999389648438,24.600000381469727,25.68000030517578,24.6200008392334,4947400.0,16.350534439086914
2008-11-20,25.5,23.709999084472656,24.5,23.799999237060547,6519600.0,15.805953979492188
2008-11-21,25.06999969482422,23.219999313354492,23.90999984741211,25.06999969482422,7778200.0,16.64937973022461
2008-11-24,27.389999389648438,24.90999984741211,25.600000381469727,27.190000534057617,6374100.0,18.057313919067383
2008-11-25,27.739999771118164,26.8700008392334,27.34000015258789,27.549999237060547,5282800.0,18.29639434814453
2008-11-26,28.360000610351562,26.979999542236328,27.229999542236328,28.360000610351562,3400400.0,18.83432960510254
2008-11-28,28.3799991607666,27.84000015258789,28.049999237060547,28.260000228881836,1268600.0,18.767911911010742
2008-12-01,27.950000762939453,26.010000228881836,27.90999984741211,26.020000457763672,3973800.0,17.280298233032227
2008-12-02,27.18000030517578,26.030000686645508,26.350000381469727,26.639999389648438,4635100.0,17.692045211791992
2008-12-03,27.440000534057617,25.850000381469727,26.170000076293945,27.170000076293945,5759100.0,18.044031143188477
2008-12-04,27.6200008392334,25.59000015258789,26.700000762939453,26.020000457763672,4433400.0,17.280298233032227
2008-12-05,26.600000381469727,24.739999771118164,25.510000228881836,26.510000228881836,4581600.0,17.605716705322266
2008-12-08,27.729999542236328,26.81999969482422,26.93000030517578,27.43000030517578,4350100.0,18.216697692871094
2008-12-09,27.639999389648438,26.56999969482422,27.219999313354492,26.700000762939453,3385100.0,17.73189353942871
2008-12-10,26.690000534057617,25.770000457763672,25.770000457763672,26.31999969482422,4136500.0,17.479534149169922
2008-12-11,26.600000381469727,25.520000457763672,26.31999969482422,25.600000381469727,3692700.0,17.001365661621094
2008-12-12,26.229999542236328,25.09000015258789,25.31999969482422,26.09000015258789,3789500.0,17.32678985595703
2008-12-15,26.09000015258789,24.950000762939453,25.770000457763672,25.270000457763672,4841500.0,16.782211303710938
2008-12-16,26.6200008392334,25.1200008392334,25.5,26.6200008392334,5153600.0,17.67876625061035
2008-12-17,26.959999084472656,25.760000228881836,26.049999237060547,26.610000610351562,5385900.0,17.672119140625
2008-12-18,27.18000030517578,25.549999237060547,26.700000762939453,25.889999389648438,5790000.0,17.19395637512207
2008-12-19,26.479999542236328,25.809999465942383,26.149999618530273,26.25,5230700.0,17.433040618896484
2008-12-22,26.850000381469727,25.190000534057617,26.139999389648438,25.639999389648438,3686500.0,17.027931213378906
2008-12-23,26.0,25.0,25.799999237060547,25.290000915527344,2703000.0,16.79549789428711
2008-12-24,25.260000228881836,25.0,25.200000762939453,25.059999465942383,1030900.0,16.642742156982422
2008-12-26,25.459999084472656,25.0,25.079999923706055,25.190000534057617,1171800.0,16.729082107543945
2008-12-29,25.389999389648438,24.450000762939453,25.260000228881836,24.719999313354492,2387600.0,16.416950225830078
2008-12-30,25.799999237060547,24.780000686645508,24.93000030517578,25.790000915527344,2307000.0,17.127548217773438
2008-12-31,26.399999618530273,25.420000076293945,25.5,26.280000686645508,3218400.0,17.452966690063477
2009-01-02,27.059999465942383,25.959999084472656,26.309999465942383,26.940000534057617,2866700.0,17.891281127929688
2009-01-05,26.809999465942383,26.149999618530273,26.6299991607666,26.420000076293945,3940600.0,17.545936584472656
2009-01-06,26.670000076293945,26.149999618530273,26.59000015258789,26.399999618530273,3802800.0,17.532663345336914
2009-01-07,26.479999542236328,26.0,26.170000076293945,26.079999923706055,5042100.0,17.320140838623047
2009-01-08,26.459999084472656,25.790000915527344,26.270000457763672,26.18000030517578,2754300.0,17.38655662536621
2009-01-09,26.1299991607666,25.110000610351562,26.1299991607666,25.309999465942383,3306100.0,16.80877685546875
2009-01-12,25.600000381469727,24.920000076293945,25.3700008392334,25.1299991607666,3235400.0,16.68922996520996
2009-01-13,25.600000381469727,25.1299991607666,25.149999618530273,25.450000762939453,3405000.0,16.901750564575195
2009-01-14,25.290000915527344,24.450000762939453,25.149999618530273,24.59000015258789,3223200.0,16.330612182617188
2009-01-15,25.059999465942383,24.229999542236328,24.610000610351562,24.889999389648438,4954500.0,16.52984046936035
2009-01-16,25.530000686645508,24.790000915527344,25.020000457763672,25.43000030517578,5238400.0,16.88846206665039
2009-01-20,25.770000457763672,24.670000076293945,25.219999313354492,24.68000030517578,5270600.0,16.390382766723633
2009-01-21,25.420000076293945,24.309999465942383,25.059999465942383,25.100000381469727,4979500.0,16.6693115234375
2009-01-22,25.030000686645508,24.350000381469727,24.770000457763672,24.639999389648438,3607600.0,16.363819122314453
2009-01-23,24.670000076293945,24.079999923706055,24.40999984741211,24.40999984741211,3795400.0,16.2110652923584
2009-01-26,25.489999771118164,24.350000381469727,24.3700008392334,25.31999969482422,4878300.0,16.81541633605957
2009-01-27,25.600000381469727,24.389999389648438,24.6299991607666,25.209999084472656,4495300.0,16.742355346679688
2009-01-28,25.649999618530273,25.079999923706055,25.440000534057617,25.280000686645508,5128600.0,16.99786376953125
2009-01-29,25.389999389648438,24.790000915527344,25.25,24.850000381469727,3578000.0,16.7087459564209
2009-01-30,25.15999984741211,24.229999542236328,24.93000030517578,24.290000915527344,4211400.0,16.33220100402832
2009-02-02,24.65999984741211,23.959999084472656,24.1200008392334,24.459999084472656,4947400.0,16.446514129638672
2009-02-03,25.56999969482422,24.549999237060547,24.75,25.5,5051400.0,17.145790100097656
2009-02-04,25.81999969482422,24.959999084472656,24.959999084472656,25.31999969482422,4967700.0,17.02475929260254
2009-02-05,26.219999313354492,24.670000076293945,24.670000076293945,26.010000228881836,5398000.0,17.488706588745117
2009-02-06,27.030000686645508,25.899999618530273,26.219999313354492,26.93000030517578,5583500.0,18.10730743408203
2009-02-09,26.799999237060547,26.350000381469727,26.600000381469727,26.530000686645508,4174500.0,17.838350296020508
2009-02-10,26.530000686645508,25.110000610351562,26.440000534057617,25.170000076293945,6379600.0,16.923906326293945
2009-02-11,25.690000534057617,25.020000457763672,25.09000015258789,25.3799991607666,3146000.0,17.065107345581055
2009-02-12,25.399999618530273,24.639999389648438,25.100000381469727,25.399999618530273,3883100.0,17.078550338745117
2009-02-13,25.520000457763672,25.0,25.399999618530273,25.030000686645508,2536800.0,16.829774856567383
2009-02-17,24.770000457763672,23.969999313354492,24.440000534057617,24.010000228881836,5366100.0,16.143943786621094
2009-02-18,24.84000015258789,24.0,24.329999923706055,24.579999923706055,3422700.0,16.527202606201172
2009-02-19,24.950000762939453,23.860000610351562,24.68000030517578,23.8799991607666,4573500.0,16.05653190612793
2009-02-20,24.139999389648438,23.610000610351562,23.709999084472656,23.969999313354492,6991800.0,16.117042541503906
2009-02-23,24.110000610351562,23.229999542236328,24.06999969482422,23.260000228881836,4561000.0,15.639654159545898
2009-02-24,24.0,23.25,23.459999084472656,23.90999984741211,4346900.0,16.076704025268555
2009-02-25,23.899999618530273,23.0,23.579999923706055,23.600000381469727,6086200.0,15.86825942993164
2009-02-26,23.549999237060547,22.850000381469727,23.420000076293945,22.920000076293945,6892000.0,15.411040306091309
2009-02-27,22.600000381469727,21.829999923706055,21.950000762939453,22.059999465942383,9316300.0,14.83279037475586
2009-03-02,21.799999237060547,20.700000762939453,21.690000534057617,20.709999084472656,7841600.0,13.92507266998291
2009-03-03,21.049999237060547,20.309999465942383,20.790000915527344,20.93000030517578,10359000.0,14.072996139526367
2009-03-04,21.709999084472656,21.0,21.049999237060547,21.510000228881836,7520700.0,14.462980270385742
2009-03-05,21.43000030517578,21.010000228881836,21.43000030517578,21.049999237060547,6393900.0,14.153684616088867
2009-03-06,21.420000076293945,20.450000762939453,21.1200008392334,20.940000534057617,5539500.0,14.079724311828613
2009-03-09,21.06999969482422,20.329999923706055,20.770000457763672,20.43000030517578,3891000.0,13.736806869506836
2009-03-10,21.709999084472656,20.559999465942383,20.559999465942383,21.690000534057617,5351300.0,14.584010124206543
2009-03-11,22.170000076293945,21.229999542236328,22.170000076293945,21.469999313354492,3953800.0,14.43608570098877
2009-03-12,22.31999969482422,21.100000381469727,21.479999542236328,22.309999465942383,3745800.0,15.000886917114258
2009-03-13,22.8799991607666,22.309999465942383,22.6299991607666,22.75,4153800.0,15.296737670898438
2009-03-16,22.969999313354492,22.3799991607666,22.600000381469727,22.399999618530273,3237200.0,15.061403274536133
2009-03-17,23.170000076293945,22.360000610351562,22.540000915527344,23.170000076293945,2967600.0,15.57913875579834
2009-03-18,23.459999084472656,22.65999984741211,22.979999542236328,23.25,5549500.0,15.632927894592285
2009-03-19,23.469999313354492,22.959999084472656,23.25,23.149999618530273,2703400.0,15.565686225891113
2009-03-20,23.770000457763672,23.0,23.3799991607666,23.030000686645508,4652300.0,15.485006332397461
2009-03-23,24.260000228881836,23.299999237060547,23.790000915527344,24.25,4786100.0,16.305309295654297
2009-03-24,24.389999389648438,23.8700008392334,24.18000030517578,24.299999237060547,6286500.0,16.33893394470215
2009-03-25,24.100000381469727,23.110000610351562,23.600000381469727,23.6200008392334,9881700.0,15.881707191467285
2009-03-26,26.030000686645508,23.75,24.350000381469727,25.8799991607666,11474200.0,17.401302337646484
2009-03-27,25.809999465942383,25.18000030517578,25.5,25.350000381469727,5113500.0,17.044937133789062
2009-03-30,25.34000015258789,24.889999389648438,25.170000076293945,25.18000030517578,4643500.0,16.930635452270508
2009-03-31,26.049999237060547,25.25,25.329999923706055,25.670000076293945,4885600.0,17.26010513305664
2009-04-01,25.809999465942383,24.93000030517578,25.15999984741211,25.68000030517578,5684600.0,17.266822814941406
2009-04-02,26.920000076293945,26.010000228881836,26.149999618530273,26.6299991607666,5178700.0,17.90559196472168
2009-04-03,27.360000610351562,26.489999771118164,26.899999618530273,27.34000015258789,5235200.0,18.38298797607422
2009-04-06,27.239999771118164,26.530000686645508,26.93000030517578,26.90999984741211,3984800.0,18.093854904174805
2009-04-07,26.489999771118164,25.950000762939453,26.360000610351562,26.170000076293945,4311600.0,17.596290588378906
2009-04-08,26.65999984741211,26.010000228881836,26.190000534057617,26.540000915527344,3648500.0,17.845073699951172
2009-04-09,27.059999465942383,26.739999771118164,27.010000228881836,27.010000228881836,3384300.0,18.161094665527344
2009-04-13,27.15999984741211,26.690000534057617,26.920000076293945,27.030000686645508,4134800.0,18.17453956604004
2009-04-14,26.959999084472656,26.479999542236328,26.75,26.610000610351562,2488400.0,17.892131805419922
2009-04-15,26.81999969482422,26.31999969482422,26.5,26.760000228881836,2928700.0,17.99299430847168
2009-04-16,27.65999984741211,26.790000915527344,27.149999618530273,27.559999465942383,3556200.0,18.53089714050293
2009-04-17,27.6299991607666,27.09000015258789,27.6299991607666,27.40999984741211,3419600.0,18.430049896240234
2009-04-20,27.0,26.530000686645508,26.979999542236328,26.670000076293945,2812100.0,17.932485580444336
2009-04-21,27.3799991607666,26.40999984741211,26.5,27.309999465942383,4473300.0,18.36280632019043
2009-04-22,27.68000030517578,26.850000381469727,27.100000381469727,27.200000762939453,2852100.0,18.28884506225586
2009-04-23,26.959999084472656,26.399999618530273,26.770000457763672,26.950000762939453,3378200.0,18.120750427246094
2009-04-24,27.600000381469727,26.850000381469727,27.040000915527344,27.459999084472656,2966300.0,18.46367073059082
2009-04-27,27.3799991607666,26.670000076293945,26.739999771118164,26.81999969482422,4685300.0,18.033340454101562
2009-04-28,27.170000076293945,26.350000381469727,26.969999313354492,26.969999313354492,2657500.0,18.134201049804688
2009-04-29,27.729999542236328,26.84000015258789,27.010000228881836,27.440000534057617,3522800.0,18.664752960205078
2009-04-30,27.739999771118164,26.84000015258789,26.950000762939453,27.010000228881836,3832800.0,18.372268676757812
2009-05-01,27.190000534057617,26.739999771118164,26.760000228881836,26.93000030517578,2102000.0,18.317855834960938
2009-05-04,27.56999969482422,26.93000030517578,27.260000228881836,27.270000457763672,3691200.0,18.549123764038086
2009-05-05,27.719999313354492,27.219999313354492,27.239999771118164,27.649999618530273,3427800.0,18.807601928710938
2009-05-06,28.049999237060547,27.25,27.809999465942383,27.8799991607666,3268700.0,18.96404266357422
2009-05-07,28.200000762939453,26.8700008392334,27.149999618530273,27.040000915527344,4258100.0,18.392681121826172
2009-05-08,28.06999969482422,27.110000610351562,27.34000015258789,27.8700008392334,4845300.0,18.957244873046875
2009-05-11,27.989999771118164,27.270000457763672,27.56999969482422,27.56999969482422,2639600.0,18.753185272216797
2009-05-12,27.850000381469727,27.270000457763672,27.739999771118164,27.68000030517578,3234700.0,18.8280086517334
2009-05-13,27.479999542236328,26.6200008392334,27.3700008392334,26.81999969482422,3231200.0,18.24303436279297
2009-05-14,27.049999237060547,26.649999618530273,26.8700008392334,26.760000228881836,3360500.0,18.202213287353516
2009-05-15,27.040000915527344,26.5,26.719999313354492,26.719999313354492,2584400.0,18.17500877380371
2009-05-18,27.600000381469727,26.75,27.0,27.600000381469727,2779900.0,18.773590087890625
2009-05-19,27.600000381469727,27.079999923706055,27.600000381469727,27.329999923706055,2045900.0,18.589937210083008
2009-05-20,27.84000015258789,27.280000686645508,27.610000610351562,27.309999465942383,2223000.0,18.57632827758789
2009-05-21,27.06999969482422,26.25,26.860000610351562,26.559999465942383,4122400.0,18.066179275512695
2009-05-22,27.010000228881836,26.510000228881836,26.6299991607666,26.6200008392334,2414900.0,18.106990814208984
2009-05-26,27.559999465942383,26.25,26.260000228881836,27.489999771118164,3666300.0,18.698762893676758
2009-05-27,27.559999465942383,26.8700008392334,27.420000076293945,26.93000030517578,3531000.0,18.317855834960938
2009-05-28,27.3799991607666,26.59000015258789,27.15999984741211,27.170000076293945,2660200.0,18.481101989746094
2009-05-29,27.3700008392334,26.68000030517578,27.270000457763672,27.34000015258789,3395200.0,18.596738815307617
2009-06-01,28.559999465942383,27.600000381469727,28.18000030517578,28.459999084472656,4269600.0,19.358564376831055
2009-06-02,28.600000381469727,28.15999984741211,28.56999969482422,28.239999771118164,4259900.0,19.208919525146484
2009-06-03,28.3799991607666,27.260000228881836,28.100000381469727,27.450000762939453,5725900.0,18.67155647277832
2009-06-04,27.780000686645508,27.15999984741211,27.780000686645508,27.450000762939453,4319400.0,18.67155647277832
2009-06-05,27.90999984741211,27.389999389648438,27.8799991607666,27.670000076293945,3198500.0,18.821203231811523
2009-06-08,27.8700008392334,27.260000228881836,27.56999969482422,27.559999465942383,2099300.0,18.74637794494629
2009-06-09,27.760000228881836,27.360000610351562,27.649999618530273,27.649999618530273,2180200.0,18.807601928710938
2009-06-10,28.030000686645508,27.5,27.899999618530273,27.850000381469727,2990600.0,18.943641662597656
2009-06-11,28.649999618530273,27.860000610351562,27.889999389648438,28.31999969482422,3914600.0,19.26333236694336
2009-06-12,27.969999313354492,26.950000762939453,27.8799991607666,27.56999969482422,5551600.0,18.753185272216797
2009-06-15,27.329999923706055,26.940000534057617,27.219999313354492,27.260000228881836,4169800.0,18.542316436767578
2009-06-16,27.469999313354492,27.06999969482422,27.3700008392334,27.079999923706055,4090200.0,18.419883728027344
2009-06-17,27.209999084472656,26.850000381469727,27.100000381469727,26.889999389648438,5585200.0,18.290645599365234
2009-06-18,26.8799991607666,26.420000076293945,26.5,26.799999237060547,5494000.0,18.229421615600586
2009-06-19,27.110000610351562,26.540000915527344,27.06999969482422,26.709999084472656,5182100.0,18.16820526123047
2009-06-22,26.68000030517578,26.219999313354492,26.40999984741211,26.420000076293945,4557800.0,17.970947265625
2009-06-23,26.420000076293945,25.90999984741211,26.309999465942383,26.139999389648438,5991800.0,17.78049087524414
2009-06-24,26.780000686645508,26.299999237060547,26.350000381469727,26.709999084472656,4950700.0,18.16820526123047
2009-06-25,25.3799991607666,24.059999465942383,25.229999542236328,25.059999465942383,16720500.0,17.04587173461914
2009-06-26,25.530000686645508,24.729999542236328,24.8700008392334,25.469999313354492,6630800.0,17.32475471496582
2009-06-29,25.6200008392334,24.90999984741211,25.260000228881836,25.3799991607666,6709400.0,17.263538360595703
2009-06-30,25.68000030517578,25.049999237060547,25.40999984741211,25.200000762939453,5618800.0,17.141103744506836
2009-07-01,25.889999389648438,25.1299991607666,25.270000457763672,25.59000015258789,4720000.0,17.406381607055664
2009-07-02,25.360000610351562,24.65999984741211,25.360000610351562,24.829999923706055,5498700.0,16.88942527770996
2009-07-06,25.110000610351562,24.670000076293945,24.739999771118164,25.06999969482422,3564100.0,17.052675247192383
2009-07-07,25.139999389648438,24.219999313354492,24.940000534057617,24.270000457763672,3930000.0,16.508512496948242
2009-07-08,24.520000457763672,24.209999084472656,24.40999984741211,24.389999389648438,4477100.0,16.590139389038086
2009-07-09,24.520000457763672,24.010000228881836,24.520000457763672,24.209999084472656,3408300.0,16.467700958251953
2009-07-10,24.420000076293945,24.0,24.18000030517578,24.25,3108000.0,16.49490737915039
2009-07-13,24.6299991607666,23.84000015258789,24.280000686645508,24.6200008392334,3238000.0,16.746585845947266
2009-07-14,24.639999389648438,24.290000915527344,24.610000610351562,24.639999389648438,2985100.0,16.76018714904785
2009-07-15,25.3700008392334,24.610000610351562,24.850000381469727,25.299999237060547,5107600.0,17.209123611450195
2009-07-16,25.440000534057617,24.93000030517578,25.18000030517578,25.350000381469727,4783500.0,17.24313735961914
2009-07-17,25.479999542236328,25.059999465942383,25.479999542236328,25.360000610351562,2704000.0,17.249935150146484
2009-07-20,25.610000610351562,25.260000228881836,25.329999923706055,25.600000381469727,3374200.0,17.413185119628906
2009-07-21,25.780000686645508,25.25,25.739999771118164,25.639999389648438,3601200.0,17.44039535522461
2009-07-22,25.690000534057617,25.25,25.59000015258789,25.559999465942383,2545800.0,17.385971069335938
2009-07-23,26.239999771118164,25.260000228881836,25.260000228881836,26.09000015258789,3982500.0,17.746484756469727
2009-07-24,26.229999542236328,25.81999969482422,25.959999084472656,26.200000762939453,2301800.0,17.821304321289062
2009-07-27,26.530000686645508,26.049999237060547,26.299999237060547,26.510000228881836,3128000.0,18.032175064086914
2009-07-28,26.829999923706055,26.280000686645508,26.31999969482422,26.6299991607666,3720600.0,18.113798141479492
2009-07-29,27.0,26.450000762939453,26.579999923706055,26.969999313354492,4704000.0,18.345062255859375
2009-07-30,26.959999084472656,26.200000762939453,26.959999084472656,26.360000610351562,5312500.0,18.138628005981445
2009-07-31,26.729999542236328,26.25,26.399999618530273,26.5,3176900.0,18.234960556030273
2009-08-03,26.709999084472656,26.010000228881836,26.5,26.5,4850700.0,18.234960556030273
2009-08-04,26.850000381469727,26.229999542236328,26.489999771118164,26.719999313354492,4211400.0,18.3863468170166
2009-08-05,26.700000762939453,26.149999618530273,26.68000030517578,26.440000534057617,3501100.0,18.193675994873047
2009-08-06,26.5,26.100000381469727,26.450000762939453,26.219999313354492,3716500.0,18.042293548583984
2009-08-07,27.8700008392334,26.579999923706055,26.75,27.799999237060547,5791100.0,19.1295166015625
2009-08-10,28.0,27.34000015258789,27.760000228881836,27.579999923706055,3417200.0,18.97812271118164
2009-08-11,27.59000015258789,27.170000076293945,27.440000534057617,27.3799991607666,2096600.0,18.84050178527832
2009-08-12,28.079999923706055,27.170000076293945,27.940000534057617,27.860000610351562,2883800.0,19.170791625976562
2009-08-13,28.299999237060547,27.899999618530273,28.219999313354492,28.25,3212200.0,19.43916130065918
2009-08-14,28.299999237060547,27.649999618530273,28.229999542236328,28.020000457763672,3150600.0,19.280895233154297
2009-08-17,27.850000381469727,27.290000915527344,27.510000228881836,27.34000015258789,3005900.0,18.81298065185547
2009-08-18,27.690000534057617,27.360000610351562,27.520000457763672,27.559999465942383,1956500.0,18.964359283447266
2009-08-19,27.899999618530273,27.309999465942383,27.350000381469727,27.81999969482422,1876200.0,19.143272399902344
2009-08-20,28.0,27.6299991607666,27.969999313354492,28.0,2310800.0,19.267127990722656
2009-08-21,28.639999389648438,27.770000457763672,28.200000762939453,28.399999618530273,3845200.0,19.542377471923828
2009-08-24,28.639999389648438,28.280000686645508,28.3799991607666,28.520000457763672,2153400.0,19.62495231628418
2009-08-25,28.739999771118164,28.350000381469727,28.56999969482422,28.440000534057617,2620200.0,19.569902420043945
2009-08-26,28.40999984741211,28.059999465942383,28.299999237060547,28.280000686645508,3180700.0,19.459802627563477
2009-08-27,28.479999542236328,27.940000534057617,28.25,28.420000076293945,2453100.0,19.55613899230957
2009-08-28,28.700000762939453,28.149999618530273,28.510000228881836,28.420000076293945,2037900.0,19.55613899230957
2009-08-31,28.389999389648438,28.0,28.329999923706055,28.290000915527344,2266200.0,19.46668815612793
2009-09-01,28.450000762939453,27.3799991607666,28.450000762939453,27.489999771118164,4621400.0,18.91619110107422
2009-09-02,27.719999313354492,27.31999969482422,27.389999389648438,27.489999771118164,2740100.0,18.91619110107422
2009-09-03,27.760000228881836,27.15999984741211,27.540000915527344,27.729999542236328,2664800.0,19.08134651184082
2009-09-04,28.100000381469727,27.549999237060547,27.799999237060547,28.040000915527344,3077700.0,19.294660568237305
2009-09-08,28.270000457763672,27.75,28.170000076293945,27.989999771118164,2898400.0,19.2602481842041
2009-09-09,28.3799991607666,27.559999465942383,28.0,28.290000915527344,3171900.0,19.46668815612793
2009-09-10,28.43000030517578,28.0,28.329999923706055,28.420000076293945,1953000.0,19.55613899230957
2009-09-11,28.639999389648438,28.260000228881836,28.3799991607666,28.56999969482422,2148100.0,19.659353256225586
2009-09-14,28.899999618530273,28.389999389648438,28.5,28.899999618530273,2373800.0,19.886428833007812
2009-09-15,28.8799991607666,28.530000686645508,28.8799991607666,28.770000457763672,1686000.0,19.79698371887207
2009-09-16,29.56999969482422,28.670000076293945,28.75,29.440000534057617,3255100.0,20.258014678955078
2009-09-17,29.81999969482422,29.290000915527344,29.479999542236328,29.739999771118164,3806200.0,20.464445114135742
2009-09-18,29.979999542236328,29.389999389648438,29.979999542236328,29.68000030517578,4754700.0,20.423166275024414
2009-09-21,30.18000030517578,29.5,29.719999313354492,29.8700008392334,3161400.0,20.553905487060547
2009-09-22,30.75,29.770000457763672,30.100000381469727,30.700000762939453,4154800.0,21.12503433227539
2009-09-23,31.540000915527344,30.510000228881836,30.59000015258789,31.040000915527344,6939500.0,21.358991622924805
2009-09-24,30.399999618530273,28.899999618530273,30.020000457763672,29.1299991607666,9366300.0,20.04469871520996
2009-09-25,29.360000610351562,28.440000534057617,29.25,28.780000686645508,5145000.0,19.80385971069336
2009-09-28,29.459999084472656,28.889999389648438,28.979999542236328,29.290000915527344,3201300.0,20.154796600341797
2009-09-29,29.350000381469727,28.809999465942383,29.149999618530273,28.850000381469727,3451200.0,19.852025985717773
2009-09-30,29.139999389648438,28.5,28.899999618530273,29.049999237060547,3805800.0,19.989648818969727
2009-10-01,29.020000457763672,28.209999084472656,28.799999237060547,28.3799991607666,4066300.0,19.528615951538086
2009-10-02,28.3799991607666,27.90999984741211,28.139999389648438,28.059999465942383,3323000.0,19.308422088623047
2009-10-05,28.309999465942383,27.850000381469727,28.030000686645508,28.290000915527344,2173400.0,19.46668815612793
2009-10-06,28.84000015258789,28.299999237060547,28.510000228881836,28.579999923706055,3443300.0,19.66623878479004
2009-10-07,28.68000030517578,28.3799991607666,28.530000686645508,28.639999389648438,2136000.0,19.707521438598633
2009-10-08,28.979999542236328,28.709999084472656,28.860000610351562,28.780000686645508,2388200.0,19.80385971069336
2009-10-09,28.780000686645508,28.469999313354492,28.65999984741211,28.700000762939453,2661800.0,19.74880599975586
2009-10-12,28.93000030517578,28.420000076293945,28.899999618530273,28.639999389648438,1981000.0,19.707521438598633
2009-10-13,28.700000762939453,28.3700008392334,28.649999618530273,28.530000686645508,1851700.0,19.631834030151367
2009-10-14,29.040000915527344,28.510000228881836,28.700000762939453,29.030000686645508,2395200.0,19.975889205932617
2009-10-15,29.110000610351562,28.790000915527344,29.020000457763672,28.920000076293945,2852900.0,19.90019416809082
2009-10-16,28.829999923706055,28.450000762939453,28.510000228881836,28.75,2812900.0,19.783218383789062
2009-10-19,28.969999313354492,28.459999084472656,28.780000686645508,28.81999969482422,3393000.0,19.831382751464844
2009-10-20,28.950000762939453,28.350000381469727,28.780000686645508,28.559999465942383,2098000.0,19.65247344970703
2009-10-21,29.06999969482422,28.510000228881836,28.510000228881836,28.59000015258789,2647400.0,19.673120498657227
2009-10-22,29.020000457763672,28.260000228881836,28.520000457763672,28.920000076293945,2629100.0,19.90019416809082
2009-10-23,28.899999618530273,28.3700008392334,28.81999969482422,28.520000457763672,2695300.0,19.62495231628418
2009-10-26,29.3700008392334,28.520000457763672,28.520000457763672,29.200000762939453,5096000.0,20.092870712280273
2009-10-27,29.600000381469727,29.049999237060547,29.25,29.149999618530273,3780000.0,20.058462142944336
2009-10-28,29.420000076293945,28.920000076293945,29.049999237060547,29.040000915527344,4104200.0,19.982769012451172
2009-10-29,29.09000015258789,28.56999969482422,29.040000915527344,28.670000076293945,4447400.0,19.941038131713867
2009-10-30,29.0,28.399999618530273,28.739999771118164,28.40999984741211,5359600.0,19.76019859313965
2009-11-02,28.8700008392334,28.290000915527344,28.860000610351562,28.40999984741211,4252300.0,19.76019859313965
2009-11-03,28.670000076293945,28.149999618530273,28.43000030517578,28.6200008392334,4071200.0,19.906261444091797
2009-11-04,29.510000228881836,28.579999923706055,28.670000076293945,29.139999389648438,4886100.0,20.267934799194336
2009-11-05,30.389999389648438,29.260000228881836,29.5,30.360000610351562,5839600.0,21.116491317749023
2009-11-06,30.440000534057617,29.75,30.020000457763672,30.3700008392334,3537900.0,21.123449325561523
2009-11-09,31.049999237060547,30.3700008392334,30.469999313354492,30.950000762939453,4629400.0,21.526859283447266
2009-11-10,31.209999084472656,30.719999313354492,30.940000534057617,30.940000534057617,4094100.0,21.5199031829834
2009-11-11,31.200000762939453,30.780000686645508,31.18000030517578,30.969999313354492,2880400.0,21.540773391723633
2009-11-12,31.34000015258789,30.8700008392334,31.049999237060547,31.0,4504500.0,21.561634063720703
2009-11-13,31.059999465942383,30.709999084472656,30.969999313354492,31.020000457763672,3471300.0,21.575550079345703
2009-11-16,31.5,31.030000686645508,31.209999084472656,31.469999313354492,2964700.0,21.888540267944336
2009-11-17,31.559999465942383,31.229999542236328,31.239999771118164,31.559999465942383,1988700.0,21.951135635375977
2009-11-18,31.479999542236328,31.170000076293945,31.479999542236328,31.309999465942383,2149500.0,21.777252197265625
2009-11-19,31.200000762939453,30.770000457763672,31.200000762939453,30.950000762939453,2558800.0,21.526859283447266
2009-11-20,31.1200008392334,30.690000534057617,30.690000534057617,31.049999237060547,2174500.0,21.596416473388672
2009-11-23,31.850000381469727,31.290000915527344,31.530000686645508,31.690000534057617,3570600.0,22.04155921936035
2009-11-24,31.690000534057617,31.329999923706055,31.399999618530273,31.6200008392334,2457800.0,21.992870330810547
2009-11-25,31.829999923706055,31.649999618530273,31.700000762939453,31.690000534057617,1551300.0,22.04155921936035
2009-11-27,31.520000457763672,30.8799991607666,30.959999084472656,31.329999923706055,1242000.0,21.79115867614746
2009-11-30,31.530000686645508,31.059999465942383,31.190000534057617,31.350000381469727,2679300.0,21.805078506469727
2009-12-01,31.850000381469727,31.469999313354492,31.469999313354492,31.729999542236328,4757500.0,22.069377899169922
2009-12-02,32.34000015258789,31.690000534057617,31.709999084472656,32.09000015258789,3432200.0,22.319772720336914
2009-12-03,32.290000915527344,31.739999771118164,32.22999954223633,31.75,3314200.0,22.083290100097656
2009-12-04,32.880001068115234,32.099998474121094,32.27000045776367,32.349998474121094,5952100.0,22.500606536865234
2009-12-07,32.61000061035156,32.2599983215332,32.310001373291016,32.5,2785000.0,22.604944229125977
2009-12-08,32.43000030517578,31.780000686645508,32.290000915527344,31.81999969482422,3956200.0,22.131980895996094
2009-12-09,31.829999923706055,31.43000030517578,31.799999237060547,31.700000762939453,3806600.0,22.048511505126953
2009-12-10,32.130001068115234,31.809999465942383,31.889999389648438,31.84000015258789,3793200.0,22.14588737487793
2009-12-11,32.099998474121094,31.709999084472656,32.09000015258789,31.84000015258789,2372100.0,22.14588737487793
2009-12-14,32.25,31.850000381469727,32.099998474121094,32.0,2976600.0,22.257169723510742
2009-12-15,32.040000915527344,31.65999984741211,31.920000076293945,31.81999969482422,3558100.0,22.131980895996094
2009-12-16,31.979999542236328,31.34000015258789,31.889999389648438,31.5,4707500.0,21.909406661987305
2009-12-17,32.060001373291016,30.75,32.02000045776367,30.8700008392334,6442800.0,21.47121238708496
2009-12-18,31.1200008392334,30.770000457763672,30.8700008392334,30.920000076293945,5955800.0,21.505992889404297
2009-12-21,31.329999923706055,30.899999618530273,30.979999542236328,30.959999084472656,2924300.0,21.53382110595703
2009-12-22,31.09000015258789,30.8700008392334,31.079999923706055,30.959999084472656,2412900.0,21.53382110595703
2009-12-23,31.1200008392334,30.799999237060547,31.1200008392334,30.850000381469727,1858100.0,21.457304000854492
2009-12-24,31.030000686645508,30.920000076293945,31.0,31.030000686645508,852400.0,21.582504272460938
2009-12-28,31.170000076293945,30.93000030517578,31.139999389648438,31.0,1559500.0,21.561634063720703
2009-12-29,31.149999618530273,30.93000030517578,31.1299991607666,30.959999084472656,1129200.0,21.53382110595703
2009-12-30,31.110000610351562,30.860000610351562,31.110000610351562,30.899999618530273,1594300.0,21.492080688476562
2009-12-31,30.989999771118164,30.639999389648438,30.809999465942383,30.639999389648438,2073200.0,21.311243057250977
2010-01-04,31.149999618530273,30.729999542236328,31.139999389648438,30.81999969482422,3731300.0,21.43644142150879
2010-01-05,30.8799991607666,30.540000915527344,30.850000381469727,30.799999237060547,3237700.0,21.422531127929688
2010-01-06,31.09000015258789,30.670000076293945,30.809999465942383,31.049999237060547,3507700.0,21.596416473388672
2010-01-07,31.549999237060547,30.75,30.950000762939453,31.540000915527344,3674700.0,21.937232971191406
2010-01-08,31.600000381469727,30.639999389648438,30.809999465942383,31.559999465942383,5082700.0,21.951135635375977
2010-01-11,31.899999618530273,31.229999542236328,31.559999465942383,31.75,3256600.0,22.083290100097656
2010-01-12,31.790000915527344,31.40999984741211,31.770000457763672,31.639999389648438,2806200.0,22.00677490234375
2010-01-13,31.719999313354492,31.239999771118164,31.540000915527344,31.65999984741211,3927000.0,22.020689010620117
2010-01-14,31.65999984741211,31.100000381469727,31.530000686645508,31.350000381469727,2300000.0,21.805078506469727
2010-01-15,31.079999923706055,30.510000228881836,30.770000457763672,30.670000076293945,4405000.0,21.332111358642578
2010-01-19,30.790000915527344,30.25,30.700000762939453,30.43000030517578,4649700.0,21.165178298950195
2010-01-20,30.5,29.829999923706055,30.170000076293945,30.450000762939453,4836000.0,21.179094314575195
2010-01-21,30.850000381469727,30.110000610351562,30.440000534057617,30.229999542236328,3833700.0,21.026071548461914
2010-01-22,30.34000015258789,29.6200008392334,30.239999771118164,29.639999389648438,3658700.0,20.61570167541504
2010-01-25,29.760000228881836,29.360000610351562,29.75,29.5,2919400.0,20.518333435058594
2010-01-26,29.65999984741211,29.329999923706055,29.389999389648438,29.3700008392334,3873500.0,20.427913665771484
2010-01-27,29.530000686645508,29.1200008392334,29.25,29.3799991607666,4804800.0,20.43486785888672
2010-01-28,29.299999237060547,28.6200008392334,29.06999969482422,28.8700008392334,4935300.0,20.29427719116211
2010-01-29,29.309999465942383,28.959999084472656,29.0,28.989999771118164,6691300.0,20.378629684448242
2010-02-01,29.350000381469727,29.0,29.139999389648438,29.31999969482422,5189400.0,20.61060905456543
2010-02-02,29.6200008392334,28.969999313354492,29.360000610351562,29.510000228881836,3507200.0,20.744165420532227
2010-02-03,29.6299991607666,29.299999237060547,29.510000228881836,29.479999542236328,2423100.0,20.723079681396484
2010-02-04,29.329999923706055,28.850000381469727,29.25,28.979999542236328,4839000.0,20.371604919433594
2010-02-05,29.079999923706055,28.5,28.950000762939453,28.940000534057617,4116700.0,20.343481063842773
2010-02-08,29.09000015258789,28.709999084472656,28.709999084472656,28.860000610351562,2798700.0,20.287248611450195
2010-02-09,29.350000381469727,28.889999389648438,29.1299991607666,29.110000610351562,2877200.0,20.462987899780273
2010-02-10,29.239999771118164,28.81999969482422,29.06999969482422,29.079999923706055,1812000.0,20.44189453125
2010-02-11,29.510000228881836,28.81999969482422,29.0,29.43000030517578,2460500.0,20.68793487548828
2010-02-12,29.6299991607666,28.969999313354492,28.969999313354492,29.530000686645508,3620700.0,20.75822639465332
2010-02-16,29.90999984741211,29.5,29.8700008392334,29.8700008392334,1797900.0,20.997236251831055
2010-02-17,30.1200008392334,29.920000076293945,30.0,30.079999923706055,1870800.0,21.14484977722168
2010-02-18,30.31999969482422,30.049999237060547,30.170000076293945,30.15999984741211,2416200.0,21.201086044311523
2010-02-19,30.280000686645508,29.93000030517578,30.1299991607666,30.229999542236328,2641600.0,21.250293731689453
2010-02-22,30.43000030517578,30.149999618530273,30.229999542236328,30.290000915527344,1501300.0,21.2924747467041
2010-02-23,30.459999084472656,29.850000381469727,30.030000686645508,30.09000015258789,2559200.0,21.15187644958496
2010-02-24,30.56999969482422,30.18000030517578,30.309999465942383,30.309999465942383,3428300.0,21.30653190612793
2010-02-25,30.030000686645508,29.56999969482422,29.90999984741211,29.799999237060547,3686100.0,20.948026657104492
2010-02-26,30.0,29.700000762939453,29.920000076293945,29.940000534057617,2317000.0,21.046443939208984
2010-03-01,30.389999389648438,29.860000610351562,30.239999771118164,30.290000915527344,2315000.0,21.2924747467041
2010-03-02,30.329999923706055,29.93000030517578,30.270000457763672,29.989999771118164,2477900.0,21.08158302307129
2010-03-03,30.520000457763672,30.1200008392334,30.3799991607666,30.360000610351562,2881600.0,21.341678619384766
2010-03-04,30.510000228881836,30.190000534057617,30.489999771118164,30.329999923706055,2387500.0,21.32059097290039
2010-03-05,31.209999084472656,30.420000076293945,30.5,31.1200008392334,2704700.0,21.875925064086914
2010-03-08,31.459999084472656,31.020000457763672,31.219999313354492,31.25,2282700.0,21.967304229736328
2010-03-09,31.6299991607666,31.15999984741211,31.25,31.5,2231200.0,22.14304542541504
2010-03-10,31.899999618530273,31.510000228881836,31.540000915527344,31.790000915527344,2325400.0,22.346900939941406
2010-03-11,31.889999389648438,31.579999923706055,31.639999389648438,31.8799991607666,1411900.0,22.410165786743164
2010-03-12,32.22999954223633,31.75,31.90999984741211,32.130001068115234,2254800.0,22.58590316772461
2010-03-15,32.459999084472656,32.02000045776367,32.20000076293945,32.439998626708984,1971400.0,22.803821563720703
2010-03-16,32.599998474121094,32.189998626708984,32.5,32.290000915527344,2834100.0,22.698381423950195
2010-03-17,32.54999923706055,32.25,32.279998779296875,32.43000030517578,2871100.0,22.796791076660156
2010-03-18,32.619998931884766,32.349998474121094,32.4900016784668,32.470001220703125,2635400.0,22.824909210205078
2010-03-19,32.75,32.0099983215332,32.68000030517578,32.16999816894531,4713200.0,22.614025115966797
2010-03-22,32.58000183105469,32.02000045776367,32.060001373291016,32.4900016784668,2052300.0,22.838972091674805
2010-03-23,32.81999969482422,32.470001220703125,32.81999969482422,32.7599983215332,2078600.0,23.028762817382812
2010-03-24,32.75,32.279998779296875,32.68000030517578,32.34000015258789,3920500.0,22.733522415161133
2010-03-25,31.850000381469727,30.989999771118164,31.56999969482422,31.06999969482422,8069400.0,21.84078025817871
2010-03-26,31.43000030517578,31.040000915527344,31.06999969482422,31.209999084472656,4416700.0,21.939193725585938
2010-03-29,31.469999313354492,31.0,31.270000457763672,31.190000534057617,2661200.0,21.925127029418945
2010-03-30,31.350000381469727,30.93000030517578,31.149999618530273,31.059999465942383,2956500.0,21.833744049072266
2010-03-31,31.030000686645508,30.68000030517578,30.93000030517578,30.719999313354492,3136400.0,21.594743728637695
2010-04-01,30.899999618530273,30.469999313354492,30.719999313354492,30.719999313354492,4108200.0,21.594743728637695
2010-04-05,31.200000762939453,30.709999084472656,30.780000686645508,31.079999923706055,2657900.0,21.847810745239258
2010-04-06,31.09000015258789,30.8799991607666,31.010000228881836,30.979999542236328,2188900.0,21.777507781982422
2010-04-07,31.149999618530273,30.549999237060547,31.0,30.649999618530273,3006200.0,21.545530319213867
2010-04-08,30.959999084472656,30.399999618530273,30.450000762939453,30.899999618530273,3878700.0,21.721269607543945
2010-04-09,31.239999771118164,30.790000915527344,30.899999618530273,31.219999313354492,1987800.0,21.946218490600586
2010-04-12,31.219999313354492,30.940000534057617,31.200000762939453,31.110000610351562,2204200.0,21.8688907623291
2010-04-13,31.209999084472656,30.920000076293945,31.15999984741211,31.139999389648438,1530700.0,21.889978408813477
2010-04-14,31.399999618530273,31.049999237060547,31.079999923706055,31.389999389648438,1596100.0,22.065719604492188
2010-04-15,31.389999389648438,31.100000381469727,31.389999389648438,31.219999313354492,2225300.0,21.946218490600586
2010-04-16,31.219999313354492,30.780000686645508,31.15999984741211,30.81999969482422,4133600.0,21.6650390625
2010-04-19,31.110000610351562,30.709999084472656,30.790000915527344,31.079999923706055,2651700.0,21.847810745239258
2010-04-20,31.43000030517578,31.09000015258789,31.25,31.3799991607666,1629600.0,22.058692932128906
2010-04-21,31.420000076293945,31.1299991607666,31.290000915527344,31.399999618530273,1844200.0,22.07274627685547
2010-04-22,31.549999237060547,31.020000457763672,31.25,31.530000686645508,2168000.0,22.16413688659668
2010-04-23,31.760000228881836,31.280000686645508,31.520000457763672,31.719999313354492,2185500.0,22.29769515991211
2010-04-26,31.84000015258789,31.549999237060547,31.690000534057617,31.760000228881836,1781800.0,22.325815200805664
2010-04-27,31.90999984741211,31.18000030517578,31.700000762939453,31.25,2850400.0,21.967304229736328
2010-04-28,31.559999465942383,31.020000457763672,31.360000610351562,31.1200008392334,2618500.0,21.875925064086914
2010-04-29,30.920000076293945,30.559999465942383,30.809999465942383,30.889999389648438,3073900.0,21.932722091674805
2010-04-30,31.049999237060547,30.559999465942383,31.049999237060547,30.56999969482422,2919500.0,21.705514907836914
2010-05-03,30.979999542236328,30.459999084472656,30.600000381469727,30.950000762939453,2772400.0,21.975326538085938
2010-05-04,30.850000381469727,30.18000030517578,30.809999465942383,30.440000534057617,2976100.0,21.613216400146484
2010-05-05,30.790000915527344,30.0,30.399999618530273,30.15999984741211,2338600.0,21.414405822753906
2010-05-06,30.479999542236328,28.110000610351562,30.059999465942383,29.25,5675800.0,20.768280029296875
2010-05-07,29.450000762939453,28.649999618530273,29.170000076293945,28.950000762939453,7453500.0,20.55527687072754
2010-05-10,30.3799991607666,29.40999984741211,29.40999984741211,30.3799991607666,4394600.0,21.570615768432617
2010-05-11,30.639999389648438,30.06999969482422,30.15999984741211,30.25,3028000.0,21.478307723999023
2010-05-12,30.65999984741211,30.09000015258789,30.350000381469727,30.59000015258789,2429700.0,21.719717025756836
2010-05-13,30.68000030517578,30.079999923706055,30.479999542236328,30.100000381469727,2836400.0,21.371803283691406
2010-05-14,30.260000228881836,29.299999237060547,30.010000228881836,29.459999084472656,3324800.0,20.917388916015625
2010-05-17,30.06999969482422,29.520000457763672,29.639999389648438,29.989999771118164,3061700.0,21.293697357177734
2010-05-18,30.389999389648438,29.6299991607666,30.229999542236328,29.75,2397900.0,21.123292922973633
2010-05-19,30.030000686645508,29.469999313354492,29.75,29.600000381469727,4044300.0,21.016782760620117
2010-05-20,29.329999923706055,28.860000610351562,29.049999237060547,28.920000076293945,7666100.0,20.53396987915039
2010-05-21,29.479999542236328,28.5,28.670000076293945,29.450000762939453,7331900.0,20.91029167175293
2010-05-24,29.549999237060547,28.989999771118164,29.350000381469727,28.989999771118164,4726400.0,20.58367156982422
2010-05-25,28.799999237060547,28.329999923706055,28.559999465942383,28.799999237060547,6308500.0,20.448766708374023
2010-05-26,29.290000915527344,28.190000534057617,28.90999984741211,28.350000381469727,5507500.0,20.129255294799805
2010-05-27,28.920000076293945,28.56999969482422,28.709999084472656,28.799999237060547,3709100.0,20.448766708374023
2010-05-28,28.920000076293945,28.40999984741211,28.799999237060547,28.540000915527344,2785200.0,20.264158248901367
2010-06-01,28.799999237060547,28.15999984741211,28.389999389648438,28.219999313354492,2173500.0,20.036956787109375
2010-06-02,28.860000610351562,28.020000457763672,28.260000228881836,28.860000610351562,2383100.0,20.49137306213379
2010-06-03,29.139999389648438,28.75,29.020000457763672,29.06999969482422,2244800.0,20.640472412109375
2010-06-04,28.670000076293945,27.889999389648438,28.440000534057617,27.969999313354492,2884100.0,19.85944175720215
2010-06-07,28.170000076293945,27.59000015258789,27.979999542236328,27.6200008392334,3038500.0,19.61094093322754
2010-06-08,27.979999542236328,27.530000686645508,27.639999389648438,27.90999984741211,3419800.0,19.816844940185547
2010-06-09,28.440000534057617,27.899999618530273,27.989999771118164,27.950000762939453,2366400.0,19.84524154663086
2010-06-10,28.709999084472656,28.1200008392334,28.31999969482422,28.59000015258789,3399200.0,20.299665451049805
2010-06-11,28.440000534057617,27.93000030517578,28.200000762939453,28.360000610351562,4000500.0,20.136356353759766
2010-06-14,28.739999771118164,28.18000030517578,28.6299991607666,28.229999542236328,3450800.0,20.044052124023438
2010-06-15,28.979999542236328,28.260000228881836,28.34000015258789,28.969999313354492,2837700.0,20.569469451904297
2010-06-16,28.969999313354492,28.600000381469727,28.760000228881836,28.8799991607666,2250400.0,20.50556755065918
2010-06-17,28.969999313354492,28.399999618530273,28.969999313354492,28.670000076293945,3936000.0,20.356468200683594
2010-06-18,28.729999542236328,28.280000686645508,28.670000076293945,28.329999923706055,4658400.0,20.115055084228516
2010-06-21,28.8700008392334,28.0,28.510000228881836,28.149999618530273,3123500.0,19.98725700378418
2010-06-22,28.3799991607666,27.690000534057617,28.229999542236328,27.729999542236328,3902300.0,19.689043045043945
2010-06-23,27.940000534057617,27.329999923706055,27.75,27.420000076293945,5529800.0,19.46892738342285
2010-06-24,27.299999237060547,26.5,26.940000534057617,26.780000686645508,6566700.0,19.014516830444336
2010-06-25,26.889999389648438,26.350000381469727,26.719999313354492,26.510000228881836,4574500.0,18.82281494140625
2010-06-28,26.760000228881836,26.40999984741211,26.510000228881836,26.600000381469727,2718000.0,18.886716842651367
2010-06-29,26.40999984741211,25.829999923706055,26.389999389648438,26.0,6117500.0,18.460693359375
2010-06-30,26.25,25.780000686645508,26.049999237060547,25.969999313354492,4845500.0,18.439393997192383
2010-07-01,26.06999969482422,25.559999465942383,25.850000381469727,25.989999771118164,8890800.0,18.453596115112305
2010-07-02,26.100000381469727,25.360000610351562,26.049999237060547,25.469999313354492,6288500.0,18.08437728881836
2010-07-06,25.739999771118164,24.889999389648438,25.639999389648438,25.15999984741211,10545900.0,17.864273071289062
2010-07-07,26.030000686645508,25.09000015258789,25.149999618530273,26.020000457763672,5957700.0,18.474897384643555
2010-07-08,26.270000457763672,25.84000015258789,26.09000015258789,26.239999771118164,3855500.0,18.631099700927734
2010-07-09,26.350000381469727,26.139999389648438,26.280000686645508,26.280000686645508,3085600.0,18.65950584411621
2010-07-12,26.229999542236328,25.559999465942383,25.969999313354492,25.75,6790600.0,18.28318977355957
2010-07-13,26.1299991607666,25.709999084472656,26.010000228881836,26.059999465942383,5584700.0,18.5032958984375
2010-07-14,26.389999389648438,25.920000076293945,26.040000915527344,26.360000610351562,5910200.0,18.7163028717041
2010-07-15,26.549999237060547,26.139999389648438,26.3700008392334,26.510000228881836,4286500.0,18.82281494140625
2010-07-16,26.530000686645508,25.670000076293945,26.34000015258789,25.670000076293945,4845800.0,18.226390838623047
2010-07-19,26.1299991607666,25.700000762939453,25.790000915527344,26.030000686645508,2985900.0,18.48200035095215
2010-07-20,26.350000381469727,25.5,25.6200008392334,26.31999969482422,3618100.0,18.68790054321289
2010-07-21,26.399999618530273,25.700000762939453,26.360000610351562,25.780000686645508,3865300.0,18.304489135742188
2010-07-22,26.540000915527344,25.93000030517578,25.93000030517578,26.31999969482422,2783400.0,18.68790054321289
2010-07-23,26.690000534057617,26.010000228881836,26.170000076293945,26.639999389648438,3353000.0,18.91510772705078
2010-07-26,26.93000030517578,26.520000457763672,26.610000610351562,26.93000030517578,2754100.0,19.121017456054688
2010-07-27,27.290000915527344,26.940000534057617,26.969999313354492,27.079999923706055,3914300.0,19.227521896362305
2010-07-28,27.239999771118164,26.920000076293945,27.0,26.93000030517578,4114200.0,19.121017456054688
2010-07-29,26.8799991607666,25.920000076293945,26.75,26.1200008392334,5395900.0,18.76187515258789
2010-07-30,26.06999969482422,25.809999465942383,25.829999923706055,25.989999771118164,6424700.0,18.668495178222656
2010-08-02,26.309999465942383,26.040000915527344,26.309999465942383,26.1200008392334,4447100.0,18.76187515258789
2010-08-03,26.170000076293945,25.850000381469727,26.09000015258789,25.950000762939453,4238100.0,18.639760971069336
2010-08-04,26.100000381469727,25.8799991607666,25.959999084472656,25.90999984741211,5189900.0,18.611024856567383
2010-08-05,25.90999984741211,25.6200008392334,25.850000381469727,25.809999465942383,4722600.0,18.539199829101562
2010-08-06,25.739999771118164,25.309999465942383,25.549999237060547,25.559999465942383,3515000.0,18.359621047973633
2010-08-09,25.860000610351562,25.649999618530273,25.729999542236328,25.75,2359500.0,18.496103286743164
2010-08-10,25.84000015258789,25.290000915527344,25.639999389648438,25.610000610351562,3196700.0,18.395540237426758
2010-08-11,25.360000610351562,24.93000030517578,25.31999969482422,24.969999313354492,3623100.0,17.935829162597656
2010-08-12,24.920000076293945,24.649999618530273,24.729999542236328,24.780000686645508,2846100.0,17.79935073852539
2010-08-13,25.049999237060547,24.65999984741211,24.790000915527344,24.969999313354492,2895200.0,17.935829162597656
2010-08-16,25.170000076293945,24.75,24.93000030517578,25.020000457763672,2438000.0,17.97174835205078
2010-08-17,25.670000076293945,25.100000381469727,25.260000228881836,25.479999542236328,3098000.0,18.30216407775879
2010-08-18,25.59000015258789,25.170000076293945,25.3799991607666,25.479999542236328,2184800.0,18.30216407775879
2010-08-19,25.43000030517578,24.940000534057617,25.399999618530273,25.260000228881836,2987100.0,18.14413833618164
2010-08-20,25.440000534057617,25.049999237060547,25.15999984741211,25.3799991607666,3108800.0,18.23033332824707
2010-08-23,25.690000534057617,25.309999465942383,25.530000686645508,25.3799991607666,6027700.0,18.23033332824707
2010-08-24,25.350000381469727,24.959999084472656,25.209999084472656,24.969999313354492,2729100.0,17.935829162597656
2010-08-25,25.299999237060547,24.780000686645508,24.850000381469727,25.200000762939453,2571600.0,18.10103988647461
2010-08-26,25.65999984741211,25.190000534057617,25.520000457763672,25.219999313354492,3132000.0,18.115407943725586
2010-08-27,25.459999084472656,24.979999542236328,25.329999923706055,25.3700008392334,2965000.0,18.223148345947266
2010-08-30,25.399999618530273,24.979999542236328,25.25,24.989999771118164,1867100.0,17.950191497802734
2010-08-31,25.219999313354492,24.75,24.899999618530273,24.889999389648438,4098600.0,17.878366470336914
2010-09-01,25.6299991607666,25.15999984741211,25.25,25.5,2762700.0,18.3165283203125
2010-09-02,26.010000228881836,25.389999389648438,25.540000915527344,26.0,2797600.0,18.675674438476562
2010-09-03,26.469999313354492,26.209999084472656,26.270000457763672,26.270000457763672,2614100.0,18.869617462158203
2010-09-07,26.280000686645508,25.68000030517578,26.15999984741211,25.700000762939453,1834300.0,18.460189819335938
2010-09-08,25.8799991607666,25.719999313354492,25.760000228881836,25.760000228881836,1845900.0,18.503286361694336
2010-09-09,26.06999969482422,25.68000030517578,26.030000686645508,25.790000915527344,2493900.0,18.524831771850586
2010-09-10,25.940000534057617,25.709999084472656,25.860000610351562,25.850000381469727,2623600.0,18.56792640686035
2010-09-13,26.170000076293945,25.90999984741211,26.170000076293945,25.979999542236328,2690700.0,18.661306381225586
2010-09-14,26.09000015258789,25.770000457763672,25.989999771118164,25.850000381469727,2622300.0,18.56792640686035
2010-09-15,25.979999542236328,25.770000457763672,25.850000381469727,25.8700008392334,3213200.0,18.582300186157227
2010-09-16,26.030000686645508,25.780000686645508,25.860000610351562,25.8700008392334,3407500.0,18.582300186157227
2010-09-17,26.030000686645508,25.8799991607666,25.989999771118164,25.950000762939453,3870900.0,18.639760971069336
2010-09-20,26.700000762939453,25.979999542236328,26.059999465942383,26.65999984741211,5721000.0,19.149755477905273
2010-09-21,26.75,26.260000228881836,26.739999771118164,26.350000381469727,3518300.0,18.92707633972168
2010-09-22,26.649999618530273,26.290000915527344,26.469999313354492,26.5,3423400.0,19.034820556640625
2010-09-23,26.639999389648438,26.15999984741211,26.350000381469727,26.25,2844600.0,18.855247497558594
2010-09-24,27.229999542236328,26.31999969482422,26.559999465942383,27.229999542236328,5792200.0,19.55917739868164
2010-09-27,27.190000534057617,26.8799991607666,27.100000381469727,26.93000030517578,5779300.0,19.343692779541016
2010-09-28,27.239999771118164,26.559999465942383,27.0,27.170000076293945,6044000.0,19.516080856323242
2010-09-29,27.270000457763672,26.90999984741211,27.079999923706055,27.25,4203400.0,19.573545455932617
2010-09-30,27.719999313354492,27.219999313354492,27.5,27.489999771118164,5976600.0,19.745933532714844
2010-10-01,27.979999542236328,27.209999084472656,27.540000915527344,27.260000228881836,3965700.0,19.580726623535156
2010-10-04,27.389999389648438,27.020000457763672,27.299999237060547,27.219999313354492,3873000.0,19.552000045776367
2010-10-05,27.799999237060547,27.489999771118164,27.59000015258789,27.59000015258789,3683400.0,19.81776237487793
2010-10-06,27.559999465942383,27.299999237060547,27.510000228881836,27.5,2459200.0,19.753116607666016
2010-10-07,27.799999237060547,27.450000762939453,27.670000076293945,27.579999923706055,3232900.0,19.81058120727539
2010-10-08,27.729999542236328,27.299999237060547,27.6299991607666,27.479999542236328,2304800.0,19.738750457763672
2010-10-11,27.610000610351562,27.309999465942383,27.43000030517578,27.399999618530273,1522800.0,19.681285858154297
2010-10-12,27.459999084472656,27.049999237060547,27.399999618530273,27.280000686645508,3509500.0,19.5950984954834
2010-10-13,27.850000381469727,27.329999923706055,27.459999084472656,27.6299991607666,4111500.0,19.846492767333984
2010-10-14,27.770000457763672,27.3700008392334,27.610000610351562,27.600000381469727,2510700.0,19.824949264526367
2010-10-15,27.889999389648438,27.5,27.75,27.610000610351562,3138000.0,19.83212661743164
2010-10-18,27.889999389648438,27.40999984741211,27.8799991607666,27.6299991607666,6298900.0,19.846492767333984
2010-10-19,27.670000076293945,27.219999313354492,27.510000228881836,27.389999389648438,3893900.0,19.674104690551758
2010-10-20,27.860000610351562,27.450000762939453,27.489999771118164,27.760000228881836,2917400.0,19.939876556396484
2010-10-21,28.290000915527344,27.75,27.899999618530273,27.920000076293945,6534800.0,20.05480194091797
2010-10-22,28.1200008392334,27.799999237060547,27.989999771118164,28.0,6237600.0,20.112262725830078
2010-10-25,28.25,28.010000228881836,28.200000762939453,28.040000915527344,5918500.0,20.141000747680664
2010-10-26,28.110000610351562,27.709999084472656,27.8700008392334,28.06999969482422,3261600.0,20.16254234313965
2010-10-27,27.889999389648438,27.6299991607666,27.850000381469727,27.799999237060547,4538700.0,19.96861457824707
2010-10-28,27.75,27.540000915527344,27.579999923706055,27.700000762939453,2982700.0,20.12114906311035
2010-10-29,27.75,27.540000915527344,27.690000534057617,27.739999771118164,1970700.0,20.150211334228516
2010-11-01,27.959999084472656,27.549999237060547,27.780000686645508,27.690000534057617,2430700.0,20.113887786865234
2010-11-02,28.1299991607666,27.799999237060547,27.969999313354492,28.020000457763672,3269400.0,20.35359764099121
2010-11-03,28.309999465942383,27.950000762939453,28.010000228881836,28.1299991607666,3470500.0,20.433502197265625
2010-11-04,28.530000686645508,28.15999984741211,28.469999313354492,28.270000457763672,4373700.0,20.535194396972656
2010-11-05,28.350000381469727,28.110000610351562,28.34000015258789,28.200000762939453,3498400.0,20.484346389770508
2010-11-08,28.299999237060547,27.84000015258789,28.139999389648438,27.8700008392334,3332100.0,20.244640350341797
2010-11-09,28.0,27.649999618530273,27.950000762939453,27.770000457763672,4187100.0,20.1719970703125
2010-11-10,27.8799991607666,27.549999237060547,27.770000457763672,27.75,3332000.0,20.157472610473633
2010-11-11,27.809999465942383,27.5,27.510000228881836,27.770000457763672,2516900.0,20.1719970703125
2010-11-12,27.93000030517578,27.530000686645508,27.639999389648438,27.75,3063500.0,20.157472610473633
2010-11-15,28.1299991607666,27.899999618530273,28.040000915527344,28.020000457763672,3031300.0,20.35359764099121
2010-11-16,27.90999984741211,27.450000762939453,27.81999969482422,27.600000381469727,4676500.0,20.048513412475586
2010-11-17,27.829999923706055,27.459999084472656,27.59000015258789,27.809999465942383,2838700.0,20.2010555267334
2010-11-18,28.3799991607666,27.8700008392334,28.020000457763672,28.170000076293945,2269900.0,20.462553024291992
2010-11-19,28.389999389648438,28.020000457763672,28.15999984741211,28.3700008392334,2637600.0,20.60783576965332
2010-11-22,28.510000228881836,28.049999237060547,28.200000762939453,28.489999771118164,1936400.0,20.69500160217285
2010-11-23,28.270000457763672,27.90999984741211,28.25,28.200000762939453,2214700.0,20.484346389770508
2010-11-24,28.8799991607666,28.420000076293945,28.440000534057617,28.809999465942383,2402500.0,20.927452087402344
2010-11-26,28.729999542236328,28.3799991607666,28.540000915527344,28.65999984741211,702900.0,20.81848907470703
2010-11-29,28.790000915527344,28.200000762939453,28.459999084472656,28.700000762939453,2439600.0,20.847543716430664
2010-11-30,28.639999389648438,28.3799991607666,28.450000762939453,28.540000915527344,2726300.0,20.731319427490234
2010-12-01,29.440000534057617,28.780000686645508,28.860000610351562,29.309999465942383,3126800.0,21.290651321411133
2010-12-02,29.739999771118164,29.219999313354492,29.420000076293945,29.600000381469727,2687800.0,21.501293182373047
2010-12-03,29.709999084472656,29.450000762939453,29.6200008392334,29.68000030517578,5539600.0,21.559419631958008
2010-12-06,29.68000030517578,29.34000015258789,29.670000076293945,29.479999542236328,1436300.0,21.414134979248047
2010-12-07,30.579999923706055,29.639999389648438,29.799999237060547,30.1299991607666,4089200.0,21.88629150390625
2010-12-08,30.540000915527344,30.149999618530273,30.260000228881836,30.510000228881836,2816700.0,22.162324905395508
2010-12-09,30.290000915527344,29.950000762939453,29.989999771118164,30.020000457763672,3518400.0,21.806386947631836
2010-12-10,30.440000534057617,29.989999771118164,30.09000015258789,30.350000381469727,1970000.0,22.04609489440918
2010-12-13,30.649999618530273,30.149999618530273,30.530000686645508,30.5,3324700.0,22.15505599975586
2010-12-14,30.739999771118164,30.420000076293945,30.510000228881836,30.549999237060547,2845200.0,22.191373825073242
2010-12-15,30.649999618530273,30.18000030517578,30.549999237060547,30.270000457763672,3163200.0,21.98798942565918
2010-12-16,30.889999389648438,30.149999618530273,30.25,30.780000686645508,3241400.0,22.358442306518555
2010-12-17,31.100000381469727,30.6200008392334,30.84000015258789,31.020000457763672,4063100.0,22.53278350830078
2010-12-20,31.239999771118164,30.610000610351562,31.239999771118164,30.68000030517578,3903900.0,22.285810470581055
2010-12-21,31.290000915527344,30.65999984741211,31.280000686645508,30.670000076293945,5263300.0,22.27854347229004
2010-12-22,31.149999618530273,30.780000686645508,30.799999237060547,31.049999237060547,2644700.0,22.554576873779297
2010-12-23,31.06999969482422,30.709999084472656,31.049999237060547,30.809999465942383,1476700.0,22.380239486694336
2010-12-27,30.850000381469727,30.43000030517578,30.799999237060547,30.709999084472656,1577700.0,22.307598114013672
2010-12-28,30.850000381469727,30.6200008392334,30.760000228881836,30.81999969482422,1299400.0,22.38750648498535
2010-12-29,31.100000381469727,30.790000915527344,30.850000381469727,30.899999618530273,1236500.0,22.44561195373535
2010-12-30,31.079999923706055,30.729999542236328,30.809999465942383,30.969999313354492,1440900.0,22.4964656829834
2010-12-31,31.040000915527344,30.690000534057617,30.920000076293945,30.90999984741211,1205000.0,22.452882766723633
2011-01-03,31.540000915527344,31.190000534057617,31.239999771118164,31.389999389648438,4562900.0,22.80154800415039
2011-01-04,31.43000030517578,30.68000030517578,31.420000076293945,30.75,3725100.0,22.336658477783203
2011-01-05,31.549999237060547,30.770000457763672,30.829999923706055,31.540000915527344,2710000.0,22.910512924194336
2011-01-06,31.950000762939453,31.459999084472656,31.469999313354492,31.8799991607666,4638900.0,23.157480239868164
2011-01-07,32.130001068115234,31.56999969482422,31.950000762939453,31.8700008392334,5285300.0,23.150222778320312
2011-01-10,32.02000045776367,31.459999084472656,31.770000457763672,32.0,4492100.0,23.24464988708496
2011-01-11,32.16999816894531,31.8799991607666,32.06999969482422,31.979999542236328,1692000.0,23.230117797851562
2011-01-12,32.34000015258789,31.860000610351562,32.130001068115234,32.27000045776367,1715800.0,23.44077491760254
2011-01-13,32.25,32.02000045776367,32.20000076293945,32.09000015258789,1472700.0,23.310026168823242
2011-01-14,32.34000015258789,31.75,31.780000686645508,32.310001373291016,2065600.0,23.469831466674805
2011-01-18,32.70000076293945,31.979999542236328,32.400001525878906,32.599998474121094,1756200.0,23.680482864379883
2011-01-19,32.5099983215332,32.25,32.470001220703125,32.38999938964844,1614800.0,23.5279483795166
2011-01-20,32.56999969482422,32.189998626708984,32.400001525878906,32.43000030517578,1886000.0,23.55699920654297
2011-01-21,32.75,32.349998474121094,32.56999969482422,32.599998474121094,1829900.0,23.680482864379883
2011-01-24,33.369998931884766,32.689998626708984,32.709999084472656,33.130001068115234,3551000.0,24.065481185913086
2011-01-25,33.04999923706055,32.7400016784668,33.040000915527344,33.02000045776367,2365000.0,23.985572814941406
2011-01-26,33.130001068115234,32.709999084472656,33.029998779296875,32.810001373291016,2779200.0,23.83302879333496
2011-01-27,32.7400016784668,32.27000045776367,32.709999084472656,32.619998931884766,2581600.0,23.695011138916016
2011-01-28,32.529998779296875,31.600000381469727,32.529998779296875,31.690000534057617,2415400.0,23.24032974243164
2011-01-31,32.09000015258789,31.690000534057617,31.8700008392334,32.0,2249300.0,23.46767234802246
2011-02-01,33.02000045776367,32.16999816894531,32.189998626708984,32.7400016784668,2830700.0,24.010360717773438
2011-02-02,32.970001220703125,32.619998931884766,32.630001068115234,32.880001068115234,1682500.0,24.11302947998047
2011-02-03,33.09000015258789,32.52000045776367,32.7400016784668,33.0099983215332,1707100.0,24.208370208740234
2011-02-04,33.31999969482422,32.779998779296875,33.060001373291016,33.2599983215332,2330900.0,24.391708374023438
2011-02-07,33.43000030517578,33.13999938964844,33.290000915527344,33.290000915527344,2717400.0,24.41370964050293
2011-02-08,33.4900016784668,33.130001068115234,33.27000045776367,33.40999984741211,1518100.0,24.501708984375
2011-02-09,33.349998474121094,32.91999816894531,33.25,33.0,1832800.0,24.201034545898438
2011-02-10,33.29999923706055,32.939998626708984,32.9900016784668,33.29999923706055,2070800.0,24.421045303344727
2011-02-11,33.369998931884766,32.90999984741211,33.209999084472656,33.33000183105469,1493700.0,24.44304847717285
2011-02-14,33.34000015258789,32.9900016784668,33.25,33.16999816894531,1417300.0,24.325712203979492
2011-02-15,33.22999954223633,32.970001220703125,33.16999816894531,33.13999938964844,1323500.0,24.303709030151367
2011-02-16,33.22999954223633,32.95000076293945,33.22999954223633,33.099998474121094,2102100.0,24.274372100830078
2011-02-17,33.52000045776367,32.95000076293945,32.959999084472656,33.45000076293945,1435700.0,24.53105354309082
2011-02-18,33.689998626708984,33.2400016784668,33.41999816894531,33.599998474121094,1892800.0,24.64105224609375
2011-02-22,33.59000015258789,32.7599983215332,33.369998931884766,32.93000030517578,2510700.0,24.14970588684082
2011-02-23,32.959999084472656,32.310001373291016,32.91999816894531,32.4900016784668,2427100.0,23.827022552490234
2011-02-24,32.689998626708984,32.189998626708984,32.540000915527344,32.540000915527344,1772400.0,23.863685607910156
2011-02-25,33.15999984741211,32.650001525878906,32.66999816894531,33.06999969482422,1401100.0,24.252376556396484
2011-02-28,33.66999816894531,33.099998474121094,33.11000061035156,33.630001068115234,2171900.0,24.663057327270508
2011-03-01,33.7599983215332,32.70000076293945,33.75,32.86000061035156,2495200.0,24.09836769104004
2011-03-02,33.150001525878906,32.709999084472656,32.79999923706055,32.9900016784668,1400500.0,24.193700790405273
2011-03-03,33.650001525878906,33.209999084472656,33.25,33.45000076293945,1394800.0,24.53105354309082
2011-03-04,33.4900016784668,33.0099983215332,33.380001068115234,33.29999923706055,1387900.0,24.421045303344727
2011-03-07,33.4900016784668,32.650001525878906,33.36000061035156,33.04999923706055,1703700.0,24.237701416015625
2011-03-08,33.75,33.0099983215332,33.099998474121094,33.66999816894531,2676000.0,24.692386627197266
2011-03-09,33.90999984741211,33.29999923706055,33.5099983215332,33.7599983215332,2143600.0,24.75839614868164
2011-03-10,33.65999984741211,33.279998779296875,33.400001525878906,33.470001220703125,2774300.0,24.545719146728516
2011-03-11,33.5099983215332,32.91999816894531,33.310001373291016,33.209999084472656,2344500.0,24.355045318603516
2011-03-14,33.15999984741211,32.77000045776367,32.970001220703125,32.9900016784668,3457700.0,24.193700790405273
2011-03-15,32.65999984741211,31.969999313354492,32.18000030517578,32.02000045776367,5218400.0,23.482341766357422
2011-03-16,32.189998626708984,31.389999389648438,31.8799991607666,31.530000686645508,4379500.0,23.122995376586914
2011-03-17,31.93000030517578,31.299999237060547,31.93000030517578,31.5,3869400.0,23.100994110107422
2011-03-18,31.940000534057617,31.549999237060547,31.790000915527344,31.600000381469727,4812400.0,23.174325942993164
2011-03-21,32.2400016784668,31.93000030517578,32.0,32.16999816894531,2140800.0,23.592344284057617
2011-03-22,32.15999984741211,31.809999465942383,32.15999984741211,31.93000030517578,2655700.0,23.416337966918945
2011-03-23,32.400001525878906,31.540000915527344,31.920000076293945,32.2400016784668,3206700.0,23.6436767578125
2011-03-24,31.8799991607666,30.75,31.790000915527344,30.959999084472656,6103700.0,22.70497703552246
2011-03-25,31.1299991607666,30.860000610351562,31.1200008392334,31.020000457763672,3276700.0,22.74897575378418
2011-03-28,31.18000030517578,30.799999237060547,31.079999923706055,30.93000030517578,2267500.0,22.68297576904297
2011-03-29,31.299999237060547,30.799999237060547,30.940000534057617,31.15999984741211,2257900.0,22.851648330688477
2011-03-30,31.530000686645508,31.200000762939453,31.270000457763672,31.309999465942383,1676400.0,22.96164894104004
2011-03-31,31.540000915527344,31.270000457763672,31.280000686645508,31.389999389648438,2263400.0,23.02031898498535
2011-04-01,31.989999771118164,31.389999389648438,31.389999389648438,31.829999923706055,3846500.0,23.343000411987305
2011-04-04,32.06999969482422,31.799999237060547,31.969999313354492,32.06999969482422,2360600.0,23.519004821777344
2011-04-05,32.13999938964844,31.6200008392334,32.0,31.969999313354492,2375100.0,23.445674896240234
2011-04-06,32.22999954223633,31.860000610351562,32.20000076293945,32.119998931884766,2119700.0,23.5556697845459
2011-04-07,32.439998626708984,32.029998779296875,32.13999938964844,32.20000076293945,2891200.0,23.614343643188477
2011-04-08,32.349998474121094,31.690000534057617,32.310001373291016,31.959999084472656,2044700.0,23.438335418701172
2011-04-11,32.459999084472656,32.02000045776367,32.060001373291016,32.29999923706055,1956500.0,23.68768310546875
2011-04-12,32.310001373291016,32.02000045776367,32.119998931884766,32.27000045776367,2060100.0,23.665681838989258
2011-04-13,32.470001220703125,32.13999938964844,32.369998931884766,32.349998474121094,2174200.0,23.724342346191406
2011-04-14,32.43000030517578,31.90999984741211,32.130001068115234,32.400001525878906,1773900.0,23.761022567749023
2011-04-15,32.5,32.04999923706055,32.5,32.38999938964844,2106800.0,23.753684997558594
2011-04-18,32.040000915527344,31.6299991607666,32.029998779296875,31.959999084472656,2179600.0,23.438335418701172
2011-04-19,32.09000015258789,31.799999237060547,32.060001373291016,31.920000076293945,2117300.0,23.409006118774414
2011-04-20,32.77000045776367,32.290000915527344,32.290000915527344,32.66999816894531,2168800.0,23.959028244018555
2011-04-21,32.84000015258789,32.470001220703125,32.65999984741211,32.619998931884766,2098300.0,23.92235565185547
2011-04-25,32.709999084472656,32.369998931884766,32.61000061035156,32.68000030517578,1712900.0,23.966358184814453
2011-04-26,33.130001068115234,32.65999984741211,32.810001373291016,33.09000015258789,2400000.0,24.26704216003418
2011-04-27,33.709999084472656,33.11000061035156,33.209999084472656,33.5,3093700.0,24.567718505859375
2011-04-28,33.369998931884766,32.90999984741211,33.2400016784668,32.9900016784668,1800000.0,24.419681549072266
2011-04-29,33.119998931884766,32.70000076293945,32.88999938964844,32.709999084472656,3218500.0,24.21241569519043
2011-05-02,32.959999084472656,32.65999984741211,32.90999984741211,32.86000061035156,1998000.0,24.323450088500977
2011-05-03,32.97999954223633,32.5,32.81999969482422,32.97999954223633,2600000.0,24.41227149963379
2011-05-04,33.0,32.439998626708984,32.86000061035156,32.72999954223633,2377800.0,24.22722053527832
2011-05-05,32.599998474121094,32.029998779296875,32.599998474121094,32.15999984741211,2500000.0,23.805299758911133
2011-05-06,32.59000015258789,31.950000762939453,32.459999084472656,31.989999771118164,3078700.0,23.679462432861328
2011-05-09,32.349998474121094,31.899999618530273,31.989999771118164,32.279998779296875,2099000.0,23.894119262695312
2011-05-10,32.630001068115234,32.34000015258789,32.43000030517578,32.599998474121094,2030400.0,24.1309871673584
2011-05-11,32.720001220703125,32.27000045776367,32.61000061035156,32.619998931884766,2696600.0,24.145795822143555
2011-05-12,32.869998931884766,32.41999816894531,32.459999084472656,32.779998779296875,1900000.0,24.264232635498047
2011-05-13,32.849998474121094,32.27000045776367,32.83000183105469,32.41999816894531,1539900.0,23.99775505065918
2011-05-16,32.369998931884766,31.6299991607666,32.36000061035156,31.780000686645508,2953700.0,23.524015426635742
2011-05-17,31.969999313354492,31.649999618530273,31.770000457763672,31.90999984741211,2093300.0,23.62024688720703
2011-05-18,32.119998931884766,31.600000381469727,31.860000610351562,31.90999984741211,1792200.0,23.62024688720703
2011-05-19,32.150001525878906,31.719999313354492,32.06999969482422,31.940000534057617,1936000.0,23.642452239990234
2011-05-20,32.11000061035156,31.65999984741211,31.809999465942383,31.90999984741211,1936800.0,23.62024688720703
2011-05-23,31.6299991607666,31.34000015258789,31.5,31.540000915527344,1700000.0,23.34636688232422
2011-05-24,31.719999313354492,31.299999237060547,31.520000457763672,31.6200008392334,2655300.0,23.40558624267578
2011-05-25,31.81999969482422,31.469999313354492,31.559999465942383,31.700000762939453,1672900.0,23.464797973632812
2011-05-26,31.989999771118164,31.479999542236328,31.559999465942383,31.90999984741211,1685000.0,23.62024688720703
2011-05-27,32.029998779296875,31.809999465942383,31.860000610351562,31.940000534057617,1251500.0,23.642452239990234
2011-05-31,32.29999923706055,31.979999542236328,32.11000061035156,32.29999923706055,2737200.0,23.908926010131836
2011-06-01,32.27000045776367,31.549999237060547,32.27000045776367,31.559999465942383,3833900.0,23.36116600036621
2011-06-02,31.639999389648438,31.15999984741211,31.549999237060547,31.229999542236328,3039900.0,23.11690330505371
2011-06-03,30.920000076293945,30.360000610351562,30.81999969482422,30.540000915527344,4414100.0,22.60614776611328
2011-06-06,30.540000915527344,30.290000915527344,30.40999984741211,30.34000015258789,3175700.0,22.458105087280273
2011-06-07,30.65999984741211,30.270000457763672,30.389999389648438,30.40999984741211,3561700.0,22.509923934936523
2011-06-08,30.389999389648438,30.1200008392334,30.329999923706055,30.350000381469727,2713100.0,22.465505599975586
2011-06-09,30.3799991607666,30.190000534057617,30.3799991607666,30.229999542236328,3313100.0,22.37668228149414
2011-06-10,30.18000030517578,29.690000534057617,30.18000030517578,29.709999084472656,3029500.0,21.991769790649414
2011-06-13,30.030000686645508,29.709999084472656,29.75,29.8700008392334,2417000.0,22.11020851135254
2011-06-14,30.260000228881836,29.84000015258789,30.040000915527344,30.229999542236328,1823400.0,22.37668228149414
2011-06-15,30.010000228881836,29.15999984741211,29.920000076293945,29.239999771118164,4262100.0,21.643871307373047
2011-06-16,29.59000015258789,29.110000610351562,29.329999923706055,29.520000457763672,2842300.0,21.851131439208984
2011-06-17,29.959999084472656,29.530000686645508,29.81999969482422,29.6299991607666,3688400.0,21.93255043029785
2011-06-20,29.809999465942383,29.510000228881836,29.559999465942383,29.670000076293945,1899900.0,21.962162017822266
2011-06-21,30.010000228881836,29.6299991607666,29.81999969482422,29.969999313354492,4475400.0,22.184228897094727
2011-06-22,30.0,29.540000915527344,29.90999984741211,29.709999084472656,3988400.0,21.991769790649414
2011-06-23,30.829999923706055,29.299999237060547,29.3799991607666,30.56999969482422,6452600.0,22.628360748291016
2011-06-24,30.56999969482422,29.940000534057617,30.520000457763672,29.989999771118164,3528200.0,22.19902992248535
2011-06-27,30.270000457763672,29.799999237060547,29.979999542236328,30.1200008392334,1941200.0,22.295263290405273
2011-06-28,30.440000534057617,30.010000228881836,30.190000534057617,30.350000381469727,3042500.0,22.465505599975586
2011-06-29,30.520000457763672,30.229999542236328,30.510000228881836,30.31999969482422,3221200.0,22.443302154541016
2011-06-30,30.760000228881836,30.350000381469727,30.440000534057617,30.719999313354492,3106300.0,22.73938751220703
2011-07-01,31.09000015258789,30.600000381469727,30.600000381469727,31.049999237060547,2094300.0,22.983659744262695
2011-07-05,31.18000030517578,30.790000915527344,31.040000915527344,30.959999084472656,1473200.0,22.917041778564453
2011-07-06,31.350000381469727,30.93000030517578,30.989999771118164,31.34000015258789,1967400.0,23.19832420349121
2011-07-07,31.68000030517578,31.530000686645508,31.56999969482422,31.6299991607666,2704600.0,23.412988662719727
2011-07-08,31.549999237060547,31.06999969482422,31.389999389648438,31.329999923706055,2503100.0,23.190921783447266
2011-07-11,31.09000015258789,30.770000457763672,31.030000686645508,30.959999084472656,2780400.0,22.917041778564453
2011-07-12,31.190000534057617,30.850000381469727,31.049999237060547,30.90999984741211,2638000.0,22.88003158569336
2011-07-13,31.219999313354492,30.56999969482422,31.1299991607666,30.700000762939453,2523100.0,22.72458267211914
2011-07-14,31.040000915527344,30.3799991607666,30.790000915527344,30.510000228881836,7854300.0,22.583940505981445
2011-07-15,30.600000381469727,29.920000076293945,30.59000015258789,30.06999969482422,8695000.0,22.25824737548828
2011-07-18,30.040000915527344,29.229999542236328,29.860000610351562,29.399999618530273,5553000.0,21.762310028076172
2011-07-19,29.889999389648438,29.540000915527344,29.549999237060547,29.75,2383300.0,22.021381378173828
2011-07-20,29.809999465942383,29.450000762939453,29.799999237060547,29.520000457763672,1960200.0,21.851131439208984
2011-07-21,30.149999618530273,29.530000686645508,29.68000030517578,29.8700008392334,2938200.0,22.11020851135254
2011-07-22,30.06999969482422,29.739999771118164,29.860000610351562,29.889999389648438,1916500.0,22.12501335144043
2011-07-25,29.8799991607666,29.520000457763672,29.649999618530273,29.790000915527344,1623600.0,22.050992965698242
2011-07-26,29.799999237060547,29.489999771118164,29.799999237060547,29.530000686645508,1960100.0,21.858537673950195
2011-07-27,29.469999313354492,28.75,29.389999389648438,28.790000915527344,3612700.0,21.310775756835938
2011-07-28,28.56999969482422,28.260000228881836,28.56999969482422,28.329999923706055,3348200.0,21.198535919189453
2011-07-29,28.610000610351562,27.8799991607666,28.100000381469727,28.229999542236328,3841400.0,21.12370491027832
2011-08-01,28.489999771118164,27.719999313354492,28.40999984741211,27.899999618530273,4186700.0,20.876771926879883
2011-08-02,27.920000076293945,26.719999313354492,27.850000381469727,26.75,4712600.0,20.016263961791992
2011-08-03,27.420000076293945,26.610000610351562,26.75,27.3700008392334,4969300.0,20.480195999145508
2011-08-04,27.15999984741211,26.6299991607666,27.0,26.709999084472656,6239300.0,19.9863338470459
2011-08-05,27.59000015258789,26.540000915527344,27.1299991607666,27.09000015258789,7274400.0,20.270675659179688
2011-08-08,27.139999389648438,25.690000534057617,26.770000457763672,25.729999542236328,12484100.0,19.25302505493164
2011-08-09,26.780000686645508,25.440000534057617,26.059999465942383,26.739999771118164,7195900.0,20.0087833404541
2011-08-10,26.479999542236328,25.5,26.25,25.510000228881836,8981500.0,19.08841323852539
2011-08-11,26.780000686645508,25.670000076293945,25.670000076293945,26.479999542236328,4950900.0,19.814231872558594
2011-08-12,26.950000762939453,26.309999465942383,26.579999923706055,26.65999984741211,3080700.0,19.94892692565918
2011-08-15,27.260000228881836,26.739999771118164,26.850000381469727,27.229999542236328,2505700.0,20.375436782836914
2011-08-16,27.170000076293945,26.649999618530273,27.170000076293945,27.030000686645508,2506700.0,20.225788116455078
2011-08-17,27.329999923706055,26.6200008392334,27.1200008392334,26.84000015258789,1823600.0,20.083608627319336
2011-08-18,26.299999237060547,25.5,26.18000030517578,25.780000686645508,4166000.0,19.290443420410156
2011-08-19,25.989999771118164,25.299999237060547,25.459999084472656,25.350000381469727,3645300.0,18.968685150146484
2011-08-22,25.979999542236328,25.1200008392334,25.969999313354492,25.270000457763672,4333600.0,18.908828735351562
2011-08-23,26.040000915527344,25.309999465942383,25.469999313354492,25.950000762939453,5969700.0,19.417646408081055
2011-08-24,26.31999969482422,25.59000015258789,25.59000015258789,26.31999969482422,2843900.0,19.694509506225586
2011-08-25,26.579999923706055,25.829999923706055,26.34000015258789,25.8799991607666,2533100.0,19.36526870727539
2011-08-26,26.510000228881836,25.5,25.790000915527344,26.229999542236328,2952100.0,19.627166748046875
2011-08-29,26.670000076293945,26.229999542236328,26.59000015258789,26.469999313354492,4793600.0,19.806751251220703
2011-08-30,27.0,26.309999465942383,26.420000076293945,26.850000381469727,2616500.0,20.091096878051758
2011-08-31,27.329999923706055,26.899999618530273,26.93000030517578,26.979999542236328,3385400.0,20.18836784362793
2011-09-01,27.309999465942383,26.690000534057617,27.0,26.760000228881836,3306900.0,20.023746490478516
2011-09-02,26.479999542236328,26.0,26.479999542236328,26.06999969482422,2971500.0,19.5074405670166
2011-09-06,25.809999465942383,25.25,25.420000076293945,25.770000457763672,2480000.0,19.282955169677734
2011-09-07,26.860000610351562,26.030000686645508,26.190000534057617,26.850000381469727,2875000.0,20.091096878051758
2011-09-08,26.899999618530273,26.440000534057617,26.670000076293945,26.6299991607666,2968000.0,19.926471710205078
2011-09-09,26.559999465942383,25.75,26.510000228881836,25.93000030517578,3553500.0,19.402687072753906
2011-09-12,26.229999542236328,25.5,25.649999618530273,26.190000534057617,4624200.0,19.59723472595215
2011-09-13,26.360000610351562,26.010000228881836,26.229999542236328,26.270000457763672,3009700.0,19.65709686279297
2011-09-14,26.690000534057617,25.950000762939453,26.43000030517578,26.40999984741211,4238500.0,19.761852264404297
2011-09-15,27.239999771118164,26.489999771118164,26.709999084472656,27.190000534057617,2893500.0,20.345502853393555
2011-09-16,27.5,26.979999542236328,27.270000457763672,27.079999923706055,4345900.0,20.263193130493164
2011-09-19,27.329999923706055,26.639999389648438,26.829999923706055,27.209999084472656,2428200.0,20.3604679107666
2011-09-20,27.649999618530273,27.149999618530273,27.309999465942383,27.15999984741211,2710600.0,20.323055267333984
2011-09-21,27.290000915527344,26.3799991607666,27.15999984741211,26.3799991607666,2734000.0,19.73940658569336
2011-09-22,26.0,25.530000686645508,25.799999237060547,25.899999618530273,5503400.0,19.380233764648438
2011-09-23,26.260000228881836,25.610000610351562,25.729999542236328,26.219999313354492,3843800.0,19.619678497314453
2011-09-26,26.6200008392334,26.040000915527344,26.31999969482422,26.579999923706055,3967100.0,19.88905906677246
2011-09-27,27.5,26.6299991607666,26.989999771118164,26.690000534057617,4698900.0,19.97137451171875
2011-09-28,27.40999984741211,26.65999984741211,27.399999618530273,26.920000076293945,6434300.0,20.14347267150879
2011-09-29,27.600000381469727,26.649999618530273,27.360000610351562,27.110000610351562,8492700.0,20.285642623901367
2011-09-30,27.1299991607666,26.360000610351562,26.8700008392334,26.3700008392334,3411000.0,19.73192596435547
2011-10-03,26.520000457763672,25.530000686645508,26.06999969482422,25.549999237060547,4716000.0,19.11833381652832
2011-10-04,25.950000762939453,25.200000762939453,25.200000762939453,25.899999618530273,5241000.0,19.380233764648438
2011-10-05,26.360000610351562,25.709999084472656,26.030000686645508,26.239999771118164,3674900.0,19.634647369384766
2011-10-06,26.770000457763672,25.979999542236328,26.219999313354492,26.770000457763672,2807200.0,20.031232833862305
2011-10-07,27.440000534057617,26.809999465942383,26.979999542236328,27.110000610351562,4223400.0,20.285642623901367
2011-10-10,27.899999618530273,27.389999389648438,27.5,27.75,3861700.0,20.764537811279297
2011-10-11,27.950000762939453,27.56999969482422,27.760000228881836,27.850000381469727,3423900.0,20.839365005493164
2011-10-12,28.479999542236328,28.020000457763672,28.209999084472656,28.290000915527344,3708600.0,21.168607711791992
2011-10-13,28.270000457763672,27.950000762939453,28.1299991607666,28.239999771118164,2057800.0,21.131187438964844
2011-10-14,28.600000381469727,28.299999237060547,28.559999465942383,28.5,2409300.0,21.325740814208984
2011-10-17,28.520000457763672,27.979999542236328,28.440000534057617,28.059999465942383,2268000.0,20.996501922607422
2011-10-18,28.729999542236328,27.889999389648438,28.139999389648438,28.559999465942383,2641100.0,21.370635986328125
2011-10-19,28.770000457763672,28.040000915527344,28.450000762939453,28.110000610351562,3164400.0,21.033906936645508
2011-10-20,28.670000076293945,27.940000534057617,28.479999542236328,28.280000686645508,8138100.0,21.161121368408203
2011-10-21,28.8700008392334,28.3700008392334,28.600000381469727,28.780000686645508,9876900.0,21.535259246826172
2011-10-24,29.34000015258789,28.610000610351562,28.729999542236328,29.18000030517578,10111400.0,21.834564208984375
2011-10-25,29.25,28.56999969482422,28.979999542236328,28.610000610351562,3569900.0,21.40805435180664
2011-10-26,29.399999618530273,28.3799991607666,29.399999618530273,28.90999984741211,3454500.0,21.632532119750977
2011-10-27,30.1200008392334,29.43000030517578,29.639999389648438,29.920000076293945,4621000.0,22.388288497924805
2011-10-28,29.479999542236328,29.200000762939453,29.43000030517578,29.360000610351562,4482400.0,22.206758499145508
2011-10-31,29.540000915527344,29.010000228881836,29.059999465942383,29.139999389648438,3144400.0,22.040355682373047
2011-11-01,28.920000076293945,28.270000457763672,28.360000610351562,28.450000762939453,5380000.0,21.518468856811523
2011-11-02,28.950000762939453,28.3700008392334,28.729999542236328,28.700000762939453,3853600.0,21.707563400268555
2011-11-03,29.610000610351562,28.81999969482422,28.899999618530273,29.559999465942383,3574800.0,22.358028411865234
2011-11-04,29.450000762939453,29.020000457763672,29.329999923706055,29.40999984741211,2777600.0,22.244579315185547
2011-11-07,29.540000915527344,29.0,29.440000534057617,29.5,1909900.0,22.31264877319336
2011-11-08,29.739999771118164,29.139999389648438,29.639999389648438,29.579999923706055,3323600.0,22.3731632232666
2011-11-09,29.110000610351562,28.510000228881836,29.110000610351562,28.610000610351562,2480500.0,21.639488220214844
2011-11-10,29.059999465942383,28.600000381469727,28.979999542236328,28.770000457763672,1721300.0,21.760507583618164
2011-11-11,29.479999542236328,29.1200008392334,29.149999618530273,29.399999618530273,1605700.0,22.237010955810547
2011-11-14,29.3799991607666,29.0,29.25,29.1200008392334,5236800.0,22.02523422241211
2011-11-15,29.489999771118164,28.940000534057617,29.1200008392334,29.399999618530273,1864600.0,22.237010955810547
2011-11-16,29.56999969482422,28.690000534057617,29.239999771118164,28.729999542236328,3502000.0,21.73025131225586
2011-11-17,28.709999084472656,28.139999389648438,28.6299991607666,28.31999969482422,2571000.0,21.420143127441406
2011-11-18,28.459999084472656,28.18000030517578,28.360000610351562,28.219999313354492,2118100.0,21.344501495361328
2011-11-21,28.09000015258789,27.719999313354492,28.0,27.889999389648438,2559800.0,21.094907760620117
2011-11-22,27.959999084472656,27.610000610351562,27.809999465942383,27.75,1763600.0,20.98902130126953
2011-11-23,27.579999923706055,27.209999084472656,27.530000686645508,27.229999542236328,1869900.0,20.59571075439453
2011-11-25,27.520000457763672,27.110000610351562,27.18000030517578,27.329999923706055,1454500.0,20.671348571777344
2011-11-28,28.100000381469727,27.729999542236328,27.93000030517578,27.8799991607666,2315500.0,21.087345123291016
2011-11-29,28.209999084472656,27.889999389648438,28.049999237060547,28.06999969482422,2672300.0,21.23105812072754
2011-11-30,29.239999771118164,28.65999984741211,28.8799991607666,29.110000610351562,4885100.0,22.017671585083008
2011-12-01,29.299999237060547,29.0,29.18000030517578,29.170000076293945,2048300.0,22.063053131103516
2011-12-02,29.600000381469727,29.020000457763672,29.479999542236328,29.219999313354492,3436500.0,22.100868225097656
2011-12-05,29.950000762939453,29.459999084472656,29.709999084472656,29.700000762939453,2298500.0,22.463918685913086
2011-12-06,29.829999923706055,29.389999389648438,29.700000762939453,29.700000762939453,1825400.0,22.463918685913086
2011-12-07,29.770000457763672,29.219999313354492,29.540000915527344,29.6299991607666,2140500.0,22.410978317260742
2011-12-08,29.729999542236328,29.34000015258789,29.469999313354492,29.40999984741211,2274800.0,22.244579315185547
2011-12-09,30.229999542236328,29.540000915527344,29.65999984741211,30.059999465942383,2120400.0,22.73621368408203
2011-12-12,29.90999984741211,29.600000381469727,29.8799991607666,29.760000228881836,1885200.0,22.509305953979492
2011-12-13,30.1299991607666,29.350000381469727,29.90999984741211,29.5,2363500.0,22.31264877319336
2011-12-14,29.6200008392334,29.200000762939453,29.399999618530273,29.260000228881836,2203700.0,22.131120681762695
2011-12-15,29.56999969482422,29.239999771118164,29.510000228881836,29.350000381469727,1581700.0,22.199199676513672
2011-12-16,29.889999389648438,29.440000534057617,29.5,29.59000015258789,3337600.0,22.380718231201172
2011-12-19,30.200000762939453,29.489999771118164,29.829999923706055,29.600000381469727,2346900.0,22.388286590576172
2011-12-20,30.59000015258789,29.989999771118164,30.139999389648438,30.239999771118164,3865600.0,22.872360229492188
2011-12-21,30.100000381469727,28.760000228881836,30.059999465942383,29.459999084472656,5422000.0,22.282398223876953
2011-12-22,29.579999923706055,29.200000762939453,29.309999465942383,29.479999542236328,2855600.0,22.297523498535156
2011-12-23,29.850000381469727,29.479999542236328,29.68000030517578,29.850000381469727,1698100.0,22.577373504638672
2011-12-27,30.15999984741211,29.75,29.790000915527344,30.06999969482422,1917400.0,22.743776321411133
2011-12-28,30.1200008392334,29.760000228881836,30.079999923706055,29.889999389648438,1681500.0,22.607627868652344
2011-12-29,30.200000762939453,29.8799991607666,29.920000076293945,30.18000030517578,1397000.0,22.82697105407715
2011-12-30,30.18000030517578,29.889999389648438,29.989999771118164,30.110000610351562,1732400.0,22.774028778076172
2012-01-03,30.729999542236328,30.389999389648438,30.670000076293945,30.43000030517578,2815400.0,23.016067504882812
2012-01-04,30.489999771118164,29.979999542236328,30.489999771118164,30.229999542236328,3069500.0,22.86479377746582
2012-01-05,30.940000534057617,29.940000534057617,30.1200008392334,30.760000228881836,3744500.0,23.26566505432129
2012-01-06,30.90999984741211,30.440000534057617,30.90999984741211,30.790000915527344,3534600.0,23.28835678100586
2012-01-09,31.18000030517578,30.850000381469727,30.940000534057617,31.1299991607666,5634400.0,23.545520782470703
2012-01-10,31.440000534057617,31.040000915527344,31.219999313354492,31.100000381469727,4030700.0,23.5228271484375
2012-01-11,31.299999237060547,30.940000534057617,31.100000381469727,31.1200008392334,2357700.0,23.537954330444336
2012-01-12,31.25,30.8700008392334,31.149999618530273,31.1200008392334,1864100.0,23.537954330444336
2012-01-13,31.040000915527344,30.540000915527344,30.989999771118164,30.989999771118164,2215300.0,23.43963623046875
2012-01-17,31.479999542236328,31.110000610351562,31.479999542236328,31.200000762939453,9129300.0,23.598459243774414
2012-01-18,31.850000381469727,31.229999542236328,31.399999618530273,31.670000076293945,3379800.0,23.953954696655273
2012-01-19,32.470001220703125,31.709999084472656,31.8799991607666,32.33000183105469,3603700.0,24.453155517578125
2012-01-20,32.470001220703125,32.150001525878906,32.369998931884766,32.310001373291016,2875400.0,24.43802261352539
2012-01-23,32.400001525878906,31.920000076293945,32.349998474121094,32.25,1923600.0,24.39263916015625
2012-01-24,32.41999816894531,32.0,32.18000030517578,32.34000015258789,1713700.0,24.460716247558594
2012-01-25,32.5099983215332,32.130001068115234,32.279998779296875,32.459999084472656,2225500.0,24.551477432250977
2012-01-26,32.66999816894531,32.349998474121094,32.59000015258789,32.560001373291016,9069900.0,24.627113342285156
2012-01-27,32.72999954223633,32.11000061035156,32.58000183105469,32.189998626708984,2700000.0,24.34726333618164
2012-01-30,31.709999084472656,31.3700008392334,31.649999618530273,31.56999969482422,2695000.0,24.118074417114258
2012-01-31,31.8700008392334,31.31999969482422,31.850000381469727,31.510000228881836,2217900.0,24.072235107421875
2012-02-01,31.979999542236328,31.6299991607666,31.829999923706055,31.809999465942383,2678500.0,24.301420211791992
2012-02-02,31.84000015258789,31.59000015258789,31.84000015258789,31.600000381469727,2581800.0,24.1409969329834
2012-02-03,32.27000045776367,31.920000076293945,32.06999969482422,31.950000762939453,2736200.0,24.40838050842285
2012-02-06,31.889999389648438,31.6299991607666,31.809999465942383,31.729999542236328,2076700.0,24.240310668945312
2012-02-07,31.799999237060547,31.5,31.65999984741211,31.700000762939453,1614500.0,24.217388153076172
2012-02-08,31.84000015258789,31.5,31.760000228881836,31.649999618530273,2020600.0,24.17919158935547
2012-02-09,31.75,31.469999313354492,31.700000762939453,31.68000030517578,1521300.0,24.20211410522461
2012-02-10,31.600000381469727,31.15999984741211,31.510000228881836,31.309999465942383,2272300.0,23.919445037841797
2012-02-13,31.700000762939453,31.229999542236328,31.56999969482422,31.309999465942383,1660400.0,23.919445037841797
2012-02-14,31.299999237060547,30.8700008392334,31.170000076293945,31.219999313354492,2734300.0,23.850688934326172
2012-02-15,31.450000762939453,31.040000915527344,31.40999984741211,31.18000030517578,1712100.0,23.820133209228516
2012-02-16,31.81999969482422,31.299999237060547,31.350000381469727,31.600000381469727,2244500.0,24.1409969329834
2012-02-17,31.780000686645508,31.440000534057617,31.65999984741211,31.479999542236328,2048600.0,24.049312591552734
2012-02-21,31.5,31.170000076293945,31.479999542236328,31.309999465942383,1916500.0,23.919445037841797
2012-02-22,31.469999313354492,31.219999313354492,31.34000015258789,31.270000457763672,1861200.0,23.888885498046875
2012-02-23,31.389999389648438,31.170000076293945,31.25,31.31999969482422,1662700.0,23.927087783813477
2012-02-24,31.489999771118164,31.270000457763672,31.43000030517578,31.420000076293945,4527400.0,24.00347900390625
2012-02-27,31.459999084472656,31.1299991607666,31.209999084472656,31.229999542236328,1668300.0,23.858327865600586
2012-02-28,31.450000762939453,31.149999618530273,31.229999542236328,31.420000076293945,2015600.0,24.00347900390625
2012-02-29,31.520000457763672,31.200000762939453,31.3799991607666,31.299999237060547,2332100.0,23.911802291870117
2012-03-01,32.040000915527344,31.469999313354492,31.56999969482422,31.59000015258789,3497400.0,24.13335418701172
2012-03-02,31.739999771118164,31.18000030517578,31.520000457763672,31.299999237060547,3246800.0,23.911802291870117
2012-03-05,31.530000686645508,31.270000457763672,31.280000686645508,31.43000030517578,1967800.0,24.011123657226562
2012-03-06,31.489999771118164,31.0,31.25,31.030000686645508,2085300.0,23.705535888671875
2012-03-07,31.209999084472656,30.8799991607666,31.09000015258789,31.1200008392334,2132900.0,23.7742919921875
2012-03-08,31.350000381469727,31.1299991607666,31.229999542236328,31.299999237060547,3248100.0,23.911802291870117
2012-03-09,31.549999237060547,31.200000762939453,31.3799991607666,31.489999771118164,2540600.0,24.05695152282715
2012-03-12,31.600000381469727,31.3700008392334,31.469999313354492,31.549999237060547,1429800.0,24.102794647216797
2012-03-13,31.889999389648438,31.540000915527344,31.760000228881836,31.889999389648438,2036800.0,24.362537384033203
2012-03-14,31.889999389648438,31.639999389648438,31.799999237060547,31.75,1673600.0,24.255584716796875
2012-03-15,31.84000015258789,31.510000228881836,31.739999771118164,31.770000457763672,2188400.0,24.270862579345703
2012-03-16,32.0,31.670000076293945,31.700000762939453,31.829999923706055,2988100.0,24.316701889038086
2012-03-19,31.979999542236328,31.56999969482422,31.739999771118164,31.8700008392334,1651300.0,24.34726333618164
2012-03-20,31.850000381469727,31.690000534057617,31.799999237060547,31.81999969482422,1780700.0,24.309064865112305
2012-03-21,32.11000061035156,31.770000457763672,31.850000381469727,31.950000762939453,3733100.0,24.40838050842285
2012-03-22,32.0099983215332,31.639999389648438,31.670000076293945,31.979999542236328,2230800.0,24.43129539489746
2012-03-23,31.979999542236328,31.65999984741211,31.920000076293945,31.739999771118164,1310300.0,24.247943878173828
2012-03-26,32.2400016784668,31.920000076293945,32.0,32.130001068115234,2101300.0,24.545888900756836
2012-03-27,32.2400016784668,32.02000045776367,32.220001220703125,32.099998474121094,1354000.0,24.52297019958496
2012-03-28,32.13999938964844,31.850000381469727,32.099998474121094,31.979999542236328,2054800.0,24.43129539489746
2012-03-29,31.90999984741211,31.260000228881836,31.65999984741211,31.350000381469727,3746700.0,23.95000457763672
2012-03-30,31.520000457763672,30.989999771118164,31.520000457763672,30.989999771118164,3907100.0,23.67498779296875
2012-04-02,31.84000015258789,30.780000686645508,30.8700008392334,31.760000228881836,4526600.0,24.26323127746582
2012-04-03,32.08000183105469,31.670000076293945,31.889999389648438,32.02000045776367,4553200.0,24.46185302734375
2012-04-04,31.729999542236328,31.309999465942383,31.690000534057617,31.520000457763672,2739400.0,24.079879760742188
2012-04-05,31.56999969482422,31.350000381469727,31.399999618530273,31.549999237060547,2520600.0,24.102794647216797
2012-04-09,31.25,30.979999542236328,31.25,31.049999237060547,1617700.0,23.720821380615234
2012-04-10,31.100000381469727,30.520000457763672,31.020000457763672,30.6299991607666,2824400.0,23.39995574951172
2012-04-11,30.989999771118164,30.760000228881836,30.959999084472656,30.959999084472656,1770500.0,23.652063369750977
2012-04-12,31.239999771118164,30.860000610351562,31.059999465942383,31.209999084472656,1487500.0,23.84305191040039
2012-04-13,31.18000030517578,30.81999969482422,31.170000076293945,30.829999923706055,1527600.0,23.55274772644043
2012-04-16,31.059999465942383,30.729999542236328,30.8799991607666,30.940000534057617,4252300.0,23.63677978515625
2012-04-17,31.290000915527344,31.06999969482422,31.100000381469727,31.18000030517578,2560900.0,23.820133209228516
2012-04-18,31.15999984741211,30.829999923706055,31.110000610351562,30.969999313354492,1678300.0,23.659704208374023
2012-04-19,30.989999771118164,30.600000381469727,30.920000076293945,30.770000457763672,2224800.0,23.506912231445312
2012-04-20,31.040000915527344,30.719999313354492,30.809999465942383,30.760000228881836,2600500.0,23.499271392822266
2012-04-23,30.65999984741211,30.299999237060547,30.65999984741211,30.579999923706055,2028800.0,23.36176300048828
2012-04-24,30.799999237060547,30.420000076293945,30.670000076293945,30.489999771118164,2358100.0,23.293001174926758
2012-04-25,30.920000076293945,30.6200008392334,30.729999542236328,30.899999618530273,1735400.0,23.60622787475586
2012-04-26,31.149999618530273,30.729999542236328,30.760000228881836,31.110000610351562,6641200.0,23.76665496826172
2012-04-27,31.299999237060547,31.010000228881836,31.229999542236328,31.139999389648438,6809900.0,23.78957176208496
2012-04-30,31.1200008392334,30.90999984741211,31.1200008392334,30.979999542236328,6934200.0,23.667339324951172
2012-05-01,31.15999984741211,30.739999771118164,30.969999313354492,30.899999618530273,1888600.0,23.60622787475586
2012-05-02,30.809999465942383,30.520000457763672,30.809999465942383,30.739999771118164,2275900.0,23.483991622924805
2012-05-03,30.81999969482422,30.559999465942383,30.799999237060547,30.6299991607666,1795700.0,23.39995574951172
2012-05-04,30.290000915527344,29.889999389648438,30.260000228881836,29.920000076293945,2414500.0,23.098873138427734
2012-05-07,30.0,29.770000457763672,29.860000610351562,29.809999465942383,1832500.0,23.013946533203125
2012-05-08,30.1299991607666,29.649999618530273,29.68000030517578,30.09000015258789,3276400.0,23.2301082611084
2012-05-09,30.15999984741211,29.579999923706055,29.770000457763672,29.90999984741211,2837400.0,23.091148376464844
2012-05-10,30.239999771118164,29.75,30.100000381469727,29.860000610351562,2126300.0,23.052547454833984
2012-05-11,30.219999313354492,29.700000762939453,29.700000762939453,29.90999984741211,1556700.0,23.091148376464844
2012-05-14,29.989999771118164,29.639999389648438,29.75,29.889999389648438,1758300.0,23.075706481933594
2012-05-15,30.229999542236328,29.770000457763672,29.920000076293945,30.059999465942383,2771900.0,23.206951141357422
2012-05-16,30.389999389648438,30.059999465942383,30.229999542236328,30.260000228881836,3532600.0,23.361352920532227
2012-05-17,30.280000686645508,29.90999984741211,30.209999084472656,29.90999984741211,3727600.0,23.091148376464844
2012-05-18,30.030000686645508,29.360000610351562,30.030000686645508,29.40999984741211,3364300.0,22.705137252807617
2012-05-21,29.770000457763672,29.1200008392334,29.3799991607666,29.770000457763672,3609500.0,22.98306655883789
2012-05-22,30.059999465942383,29.610000610351562,29.829999923706055,29.899999618530273,2033300.0,23.083425521850586
2012-05-23,30.270000457763672,29.600000381469727,29.770000457763672,30.190000534057617,3115700.0,23.30731201171875
2012-05-24,30.59000015258789,30.149999618530273,30.3700008392334,30.420000076293945,2063900.0,23.484878540039062
2012-05-25,30.5,30.100000381469727,30.40999984741211,30.290000915527344,1569600.0,23.384519577026367
2012-05-29,30.6299991607666,30.190000534057617,30.440000534057617,30.43000030517578,1712100.0,23.492597579956055
2012-05-30,30.31999969482422,30.030000686645508,30.25,30.100000381469727,1634500.0,23.237829208374023
2012-05-31,30.219999313354492,29.90999984741211,30.09000015258789,29.969999313354492,3548200.0,23.137466430664062
2012-06-01,29.729999542236328,29.149999618530273,29.489999771118164,29.280000686645508,3610700.0,22.60477066040039
2012-06-04,29.559999465942383,29.1200008392334,29.34000015258789,29.3799991607666,2092400.0,22.681978225708008
2012-06-05,29.559999465942383,29.190000534057617,29.31999969482422,29.510000228881836,1770800.0,22.78234100341797
2012-06-06,30.3700008392334,29.690000534057617,29.690000534057617,30.3700008392334,4211400.0,23.446277618408203
2012-06-07,30.90999984741211,30.59000015258789,30.68000030517578,30.65999984741211,2575500.0,23.670162200927734
2012-06-08,31.06999969482422,30.56999969482422,30.690000534057617,31.010000228881836,2244600.0,23.94036293029785
2012-06-11,31.25,30.780000686645508,31.200000762939453,30.81999969482422,1644200.0,23.79368782043457
2012-06-12,31.110000610351562,30.799999237060547,30.950000762939453,31.06999969482422,1918600.0,23.986692428588867
2012-06-13,31.290000915527344,30.860000610351562,30.899999618530273,31.059999465942383,1775200.0,23.978971481323242
2012-06-14,31.81999969482422,31.09000015258789,31.190000534057617,31.719999313354492,3285200.0,24.488502502441406
2012-06-15,32.11000061035156,31.670000076293945,31.780000686645508,32.029998779296875,3420000.0,24.727834701538086
2012-06-18,32.400001525878906,31.860000610351562,31.920000076293945,32.33000183105469,2041300.0,24.959447860717773
2012-06-19,32.72999954223633,32.33000183105469,32.5,32.58000183105469,2039600.0,25.152442932128906
2012-06-20,32.66999816894531,32.290000915527344,32.66999816894531,32.529998779296875,2638400.0,25.113840103149414
2012-06-21,32.63999938964844,31.989999771118164,32.63999938964844,32.11000061035156,2718800.0,24.789592742919922
2012-06-22,32.31999969482422,32.11000061035156,32.22999954223633,32.2599983215332,2052000.0,24.905393600463867
2012-06-25,32.0,31.530000686645508,31.530000686645508,31.729999542236328,2099400.0,24.496225357055664
2012-06-26,31.8700008392334,31.489999771118164,31.790000915527344,31.760000228881836,1986900.0,24.51938819885254
2012-06-27,32.290000915527344,31.8799991607666,31.959999084472656,31.93000030517578,3153800.0,24.65062713623047
2012-06-28,31.790000915527344,30.540000915527344,31.559999465942383,30.979999542236328,5842000.0,23.91720962524414
2012-06-29,31.579999923706055,31.170000076293945,31.479999542236328,31.40999984741211,3794100.0,24.249177932739258
2012-07-02,31.549999237060547,31.18000030517578,31.190000534057617,31.3799991607666,3963500.0,24.22601318359375
2012-07-03,31.549999237060547,31.270000457763672,31.520000457763672,31.399999618530273,2497500.0,24.24146270751953
2012-07-05,31.889999389648438,31.25,31.459999084472656,31.739999771118164,2647000.0,24.503944396972656
2012-07-06,31.75,31.059999465942383,31.6299991607666,31.149999618530273,2559200.0,24.04844856262207
2012-07-09,31.5,31.049999237060547,31.139999389648438,31.440000534057617,2261200.0,24.272342681884766
2012-07-10,31.639999389648438,31.110000610351562,31.43000030517578,31.329999923706055,2086600.0,24.18741798400879
2012-07-11,31.65999984741211,31.25,31.3700008392334,31.649999618530273,2649000.0,24.434463500976562
2012-07-12,31.68000030517578,31.170000076293945,31.440000534057617,31.5,3488400.0,24.318660736083984
2012-07-13,31.950000762939453,31.40999984741211,31.459999084472656,31.8700008392334,2263000.0,24.604310989379883
2012-07-16,32.060001373291016,31.719999313354492,31.860000610351562,32.029998779296875,1694200.0,24.727834701538086
2012-07-17,32.63999938964844,31.860000610351562,32.099998474121094,32.4900016784668,2990800.0,25.082963943481445
2012-07-18,33.400001525878906,32.5,32.650001525878906,33.189998626708984,4430900.0,25.62337875366211
2012-07-19,33.16999816894531,32.59000015258789,33.02000045776367,32.72999954223633,10515600.0,25.268245697021484
2012-07-20,32.7400016784668,32.400001525878906,32.72999954223633,32.43000030517578,10570000.0,25.036638259887695
2012-07-23,32.25,31.770000457763672,32.099998474121094,32.16999816894531,10134700.0,24.835914611816406
2012-07-24,32.209999084472656,31.75,32.16999816894531,31.979999542236328,2210700.0,24.68922996520996
2012-07-25,32.18000030517578,31.940000534057617,32.060001373291016,31.989999771118164,1411200.0,24.69695281982422
2012-07-26,32.790000915527344,32.310001373291016,32.5099983215332,32.540000915527344,1856200.0,25.121564865112305
2012-07-27,33.20000076293945,32.650001525878906,32.72999954223633,33.08000183105469,2519500.0,25.538455963134766
2012-07-30,33.0,32.66999816894531,32.81999969482422,32.880001068115234,2573300.0,25.631999969482422
2012-07-31,32.939998626708984,32.650001525878906,32.83000183105469,32.689998626708984,1917900.0,25.483882904052734
2012-08-01,32.95000076293945,32.279998779296875,32.900001525878906,32.380001068115234,3097900.0,25.242223739624023
2012-08-02,32.400001525878906,31.90999984741211,32.2599983215332,32.060001373291016,3837000.0,24.992759704589844
2012-08-03,32.790000915527344,32.560001373291016,32.56999969482422,32.61000061035156,2178300.0,25.421524047851562
2012-08-06,32.849998474121094,32.38999938964844,32.7599983215332,32.43000030517578,2144500.0,25.28119468688965
2012-08-07,32.72999954223633,32.310001373291016,32.65999984741211,32.560001373291016,2228000.0,25.382539749145508
2012-08-08,33.0,32.59000015258789,32.63999938964844,32.91999816894531,1704000.0,25.663188934326172
2012-08-09,32.970001220703125,32.7400016784668,32.939998626708984,32.91999816894531,1270700.0,25.663188934326172
2012-08-10,33.22999954223633,32.7599983215332,32.84000015258789,33.18000030517578,1899900.0,25.86587142944336
2012-08-13,33.16999816894531,32.91999816894531,33.029998779296875,33.13999938964844,1193400.0,25.834688186645508
2012-08-14,33.22999954223633,32.91999816894531,33.22999954223633,32.970001220703125,1564700.0,25.702165603637695
2012-08-15,33.08000183105469,32.79999923706055,33.06999969482422,32.84000015258789,1851500.0,25.60081672668457
2012-08-16,33.34000015258789,32.88999938964844,32.9900016784668,33.279998779296875,1825800.0,25.943830490112305
2012-08-17,33.369998931884766,33.040000915527344,33.369998931884766,33.2400016784668,1540900.0,25.91265106201172
2012-08-20,33.22999954223633,32.68000030517578,33.220001220703125,32.77000045776367,1746700.0,25.54625129699707
2012-08-21,33.040000915527344,32.75,32.88999938964844,32.900001525878906,2085500.0,25.647600173950195
2012-08-22,32.97999954223633,32.709999084472656,32.84000015258789,32.86000061035156,1384000.0,25.616409301757812
2012-08-23,33.029998779296875,32.66999816894531,32.83000183105469,32.97999954223633,1687400.0,25.709959030151367
2012-08-24,33.22999954223633,32.86000061035156,32.93000030517578,33.189998626708984,1391700.0,25.873666763305664
2012-08-27,33.34000015258789,33.099998474121094,33.16999816894531,33.22999954223633,1506000.0,25.904844284057617
2012-08-28,33.310001373291016,33.0,33.18000030517578,33.22999954223633,1253900.0,25.904844284057617
2012-08-29,33.310001373291016,32.97999954223633,33.150001525878906,33.2400016784668,1137400.0,25.91265106201172
2012-08-30,33.310001373291016,32.9900016784668,33.18000030517578,33.20000076293945,1740600.0,25.881465911865234
2012-08-31,33.439998626708984,32.9900016784668,33.400001525878906,33.2599983215332,2152500.0,25.928232192993164
2012-09-04,33.5099983215332,32.869998931884766,33.130001068115234,33.470001220703125,1923300.0,26.09194564819336
2012-09-05,33.619998931884766,33.220001220703125,33.5099983215332,33.5,1748100.0,26.115331649780273
2012-09-06,34.22999954223633,33.56999969482422,33.70000076293945,34.220001220703125,2211200.0,26.67662239074707
2012-09-07,34.34000015258789,34.150001525878906,34.22999954223633,34.220001220703125,1524800.0,26.67662239074707
2012-09-10,34.27000045776367,34.099998474121094,34.209999084472656,34.130001068115234,1133600.0,26.606460571289062
2012-09-11,34.25,33.9900016784668,34.130001068115234,34.11000061035156,1336100.0,26.590866088867188
2012-09-12,34.040000915527344,33.599998474121094,33.88999938964844,33.720001220703125,4002200.0,26.28683090209961
2012-09-13,34.29999923706055,33.459999084472656,33.459999084472656,34.13999938964844,2359300.0,26.61425018310547
2012-09-14,34.47999954223633,34.029998779296875,34.2400016784668,34.459999084472656,2112700.0,26.863712310791016
2012-09-17,34.47999954223633,34.119998931884766,34.31999969482422,34.2400016784668,4924100.0,26.69220542907715
2012-09-18,34.400001525878906,34.11000061035156,34.31999969482422,34.29999923706055,1788100.0,26.738977432250977
2012-09-19,34.65999984741211,34.27000045776367,34.36000061035156,34.47999954223633,1970100.0,26.879301071166992
2012-09-20,34.560001373291016,34.2599983215332,34.349998474121094,34.470001220703125,1985900.0,26.871501922607422
2012-09-21,34.70000076293945,34.43000030517578,34.459999084472656,34.54999923706055,2788700.0,26.933868408203125
2012-09-24,34.540000915527344,34.22999954223633,34.4900016784668,34.380001068115234,2586900.0,26.801342010498047
2012-09-25,33.88999938964844,32.900001525878906,33.130001068115234,33.40999984741211,6048600.0,26.045169830322266
2012-09-26,33.439998626708984,32.939998626708984,33.220001220703125,33.16999816894531,3270900.0,25.858070373535156
2012-09-27,33.36000061035156,33.08000183105469,33.2599983215332,33.20000076293945,2453100.0,25.881465911865234
2012-09-28,33.380001068115234,33.029998779296875,33.22999954223633,33.290000915527344,1991000.0,25.951618194580078
2012-10-01,33.36000061035156,32.650001525878906,33.060001373291016,32.709999084472656,3920000.0,25.499479293823242
2012-10-02,33.209999084472656,32.77000045776367,32.880001068115234,33.0099983215332,2735500.0,25.73334312438965
2012-10-03,33.33000183105469,32.9900016784668,33.18000030517578,33.27000045776367,1475700.0,25.93602752685547
2012-10-04,33.47999954223633,33.209999084472656,33.38999938964844,33.369998931884766,1646800.0,26.01398468017578
2012-10-05,33.90999984741211,33.47999954223633,33.7400016784668,33.56999969482422,1273100.0,26.16990089416504
2012-10-08,33.40999984741211,33.18000030517578,33.33000183105469,33.349998474121094,1024800.0,25.998395919799805
2012-10-09,33.400001525878906,32.900001525878906,33.38999938964844,32.970001220703125,1220400.0,25.702165603637695
2012-10-10,33.060001373291016,32.70000076293945,33.04999923706055,32.7599983215332,1134400.0,25.538455963134766
2012-10-11,33.04999923706055,32.66999816894531,33.040000915527344,32.70000076293945,1223000.0,25.491682052612305
2012-10-12,32.95000076293945,32.56999969482422,32.81999969482422,32.630001068115234,1925900.0,25.437116622924805
2012-10-15,32.90999984741211,32.66999816894531,32.810001373291016,32.84000015258789,1151800.0,25.60081672668457
2012-10-16,33.130001068115234,32.72999954223633,32.880001068115234,32.970001220703125,1137800.0,25.702165603637695
2012-10-17,33.16999816894531,32.79999923706055,32.88999938964844,33.06999969482422,1007200.0,25.780120849609375
2012-10-18,33.2400016784668,32.83000183105469,33.08000183105469,32.959999084472656,1973600.0,25.694374084472656
2012-10-19,32.97999954223633,32.5099983215332,32.97999954223633,32.54999923706055,1987800.0,25.37474822998047
2012-10-22,32.70000076293945,32.400001525878906,32.5,32.63999938964844,1246400.0,25.44490623474121
2012-10-23,32.939998626708984,32.220001220703125,32.400001525878906,32.7599983215332,2303700.0,25.538455963134766
2012-10-24,32.970001220703125,32.70000076293945,32.959999084472656,32.77000045776367,1413200.0,25.54625129699707
2012-10-25,32.959999084472656,32.65999984741211,32.95000076293945,32.810001373291016,1713300.0,25.577428817749023
2012-10-26,33.0,32.65999984741211,32.7400016784668,32.93000030517578,1722400.0,25.67098045349121
2012-10-31,32.88999938964844,32.220001220703125,32.880001068115234,32.41999816894531,2379200.0,25.529233932495117
2012-11-01,33.36000061035156,32.43000030517578,32.599998474121094,33.29999923706055,2629900.0,26.222198486328125
2012-11-02,33.61000061035156,32.869998931884766,33.61000061035156,32.939998626708984,5192100.0,25.938703536987305
2012-11-05,32.939998626708984,32.540000915527344,32.790000915527344,32.75,1711000.0,25.789100646972656
2012-11-06,33.380001068115234,32.91999816894531,32.970001220703125,33.02000045776367,2034700.0,26.001710891723633
2012-11-07,32.91999816894531,32.529998779296875,32.77000045776367,32.650001525878906,2268500.0,25.710351943969727
2012-11-08,32.68000030517578,32.209999084472656,32.5,32.220001220703125,1517500.0,25.371749877929688
2012-11-09,32.369998931884766,32.02000045776367,32.09000015258789,32.15999984741211,2467300.0,25.32450294494629
2012-11-12,32.400001525878906,32.18000030517578,32.209999084472656,32.220001220703125,1449300.0,25.371749877929688
2012-11-13,32.43000030517578,32.04999923706055,32.06999969482422,32.119998931884766,1651000.0,25.292999267578125
2012-11-14,32.150001525878906,31.489999771118164,32.150001525878906,31.549999237060547,2018300.0,24.84415054321289
2012-11-15,31.68000030517578,31.270000457763672,31.280000686645508,31.56999969482422,2446700.0,24.85990333557129
2012-11-16,31.81999969482422,31.43000030517578,31.489999771118164,31.739999771118164,2033600.0,24.9937686920166
2012-11-19,32.119998931884766,31.75,32.119998931884766,31.93000030517578,2737600.0,25.14337921142578
2012-11-20,32.06999969482422,31.75,32.060001373291016,32.0099983215332,2682100.0,25.20638084411621
2012-11-21,32.13999938964844,31.920000076293945,32.119998931884766,32.130001068115234,1744000.0,25.30087661743164
2012-11-23,32.470001220703125,32.06999969482422,32.36000061035156,32.439998626708984,793000.0,25.54499053955078
2012-11-26,32.459999084472656,32.09000015258789,32.279998779296875,32.2400016784668,1720800.0,25.387496948242188
2012-11-27,32.290000915527344,31.989999771118164,32.209999084472656,32.08000183105469,1701300.0,25.26150894165039
2012-11-28,32.25,31.969999313354492,32.040000915527344,32.2400016784668,1745600.0,25.387496948242188
2012-11-29,32.470001220703125,32.209999084472656,32.29999923706055,32.439998626708984,1292200.0,25.54499053955078
2012-11-30,32.70000076293945,32.439998626708984,32.5,32.540000915527344,2386600.0,25.623729705810547
2012-12-03,32.650001525878906,32.33000183105469,32.630001068115234,32.47999954223633,1588200.0,25.57648468017578
2012-12-04,32.900001525878906,32.38999938964844,32.45000076293945,32.790000915527344,2167400.0,25.82059669494629
2012-12-05,33.060001373291016,32.689998626708984,32.79999923706055,32.970001220703125,2293300.0,25.962339401245117
2012-12-06,33.189998626708984,32.90999984741211,33.0,33.130001068115234,1820300.0,26.088333129882812
2012-12-07,33.29999923706055,32.91999816894531,33.22999954223633,33.189998626708984,1625500.0,26.13558006286621
2012-12-10,33.47999954223633,33.11000061035156,33.11000061035156,33.2599983215332,2104200.0,26.190698623657227
2012-12-11,33.93000030517578,33.34000015258789,33.36000061035156,33.900001525878906,3789000.0,26.694665908813477
2012-12-12,34.060001373291016,33.77000045776367,33.97999954223633,33.81999969482422,4443300.0,26.631677627563477
2012-12-13,34.029998779296875,33.59000015258789,33.869998931884766,33.709999084472656,2174000.0,26.5450496673584
2012-12-14,33.790000915527344,33.560001373291016,33.61000061035156,33.709999084472656,1996900.0,26.5450496673584
2012-12-17,33.9900016784668,33.58000183105469,33.7400016784668,33.91999816894531,3172200.0,26.710416793823242
2012-12-18,33.470001220703125,32.9900016784668,33.279998779296875,33.15999984741211,5521200.0,26.630107879638672
2012-12-19,33.400001525878906,32.9900016784668,33.27000045776367,33.04999923706055,3905200.0,26.541772842407227
2012-12-20,32.810001373291016,32.13999938964844,32.77000045776367,32.38999938964844,13485200.0,26.011741638183594
2012-12-21,32.36000061035156,31.31999969482422,31.780000686645508,31.399999618530273,8462700.0,25.216691970825195
2012-12-24,31.6299991607666,31.190000534057617,31.440000534057617,31.5,1621700.0,25.297006607055664
2012-12-26,31.559999465942383,31.020000457763672,31.5,31.149999618530273,2116700.0,25.01592254638672
2012-12-27,31.18000030517578,30.700000762939453,31.09000015258789,31.110000610351562,2779200.0,24.983800888061523
2012-12-28,31.229999542236328,30.81999969482422,30.969999313354492,30.8799991607666,2996500.0,24.799091339111328
2012-12-31,31.139999389648438,30.549999237060547,30.56999969482422,31.100000381469727,2940900.0,24.975767135620117
2013-01-02,31.850000381469727,31.469999313354492,31.700000762939453,31.850000381469727,3487000.0,25.57807731628418
2013-01-03,32.20000076293945,31.65999984741211,31.690000534057617,31.899999618530273,2615700.0,25.61823272705078
2013-01-04,32.209999084472656,31.760000228881836,32.08000183105469,32.16999816894531,2048900.0,25.83506202697754
2013-01-07,32.20000076293945,31.899999618530273,32.189998626708984,32.02000045776367,1804200.0,25.714599609375
2013-01-08,32.13999938964844,31.899999618530273,31.93000030517578,31.950000762939453,2583100.0,25.658388137817383
2013-01-09,32.2400016784668,31.850000381469727,32.029998779296875,31.959999084472656,2181700.0,25.66641616821289
2013-01-10,32.15999984741211,31.729999542236328,32.099998474121094,31.850000381469727,2609200.0,25.57807731628418
2013-01-11,32.040000915527344,31.549999237060547,31.899999618530273,31.780000686645508,2583800.0,25.521862030029297
2013-01-14,32.36000061035156,31.770000457763672,31.770000457763672,32.27000045776367,2890300.0,25.91537094116211
2013-01-15,32.310001373291016,31.979999542236328,32.2400016784668,32.08000183105469,1609000.0,25.762788772583008
2013-01-16,32.279998779296875,31.90999984741211,32.130001068115234,31.950000762939453,1303700.0,25.658388137817383
2013-01-17,32.16999816894531,31.950000762939453,32.08000183105469,32.02000045776367,1501700.0,25.714599609375
2013-01-18,32.38999938964844,31.969999313354492,32.04999923706055,32.380001068115234,2881300.0,26.003711700439453
2013-01-22,32.540000915527344,32.22999954223633,32.45000076293945,32.470001220703125,1807700.0,26.075990676879883
2013-01-23,32.650001525878906,32.220001220703125,32.540000915527344,32.279998779296875,3174000.0,25.923402786254883
2013-01-24,32.38999938964844,31.729999542236328,32.369998931884766,31.739999771118164,5164200.0,25.48973846435547
2013-01-25,31.8700008392334,31.540000915527344,31.75,31.84000015258789,3416400.0,25.570043563842773
2013-01-28,32.09000015258789,31.670000076293945,31.90999984741211,31.950000762939453,2374000.0,25.658388137817383
2013-01-29,32.61000061035156,31.950000762939453,32.02000045776367,32.58000183105469,3856700.0,26.16432762145996
2013-01-30,32.560001373291016,32.16999816894531,32.5,32.279998779296875,4134900.0,25.923402786254883
2013-01-31,32.689998626708984,32.31999969482422,32.349998474121094,32.650001525878906,7189200.0,26.22054100036621
2013-02-01,33.09000015258789,32.720001220703125,32.75,32.86000061035156,4356800.0,26.389184951782227
2013-02-04,33.13999938964844,32.61000061035156,32.95000076293945,32.709999084472656,2853100.0,26.26872444152832
2013-02-05,33.36000061035156,32.83000183105469,32.970001220703125,33.349998474121094,3434200.0,26.782697677612305
2013-02-06,33.41999816894531,33.029998779296875,33.290000915527344,33.27000045776367,3915000.0,26.718448638916016
2013-02-07,33.369998931884766,32.93000030517578,33.220001220703125,33.220001220703125,2637500.0,26.678298950195312
2013-02-08,33.599998474121094,33.189998626708984,33.34000015258789,33.31999969482422,2047100.0,26.75859832763672
2013-02-11,33.380001068115234,33.11000061035156,33.279998779296875,33.31999969482422,1874100.0,26.75859832763672
2013-02-12,33.4900016784668,33.20000076293945,33.279998779296875,33.439998626708984,1947500.0,26.854969024658203
2013-02-13,33.63999938964844,33.20000076293945,33.20000076293945,33.529998779296875,1721300.0,26.927248001098633
2013-02-14,33.720001220703125,33.36000061035156,33.47999954223633,33.720001220703125,1964100.0,27.079835891723633
2013-02-15,34.0,33.650001525878906,33.65999984741211,33.970001220703125,3188100.0,27.280609130859375
2013-02-19,33.959999084472656,33.72999954223633,33.95000076293945,33.93000030517578,2293400.0,27.248485565185547
2013-02-20,34.04999923706055,33.689998626708984,33.970001220703125,33.709999084472656,2067700.0,27.07180404663086
2013-02-21,33.65999984741211,32.869998931884766,33.650001525878906,33.0099983215332,3844900.0,26.50965118408203
2013-02-22,33.25,32.959999084472656,33.130001068115234,33.119998931884766,2393900.0,26.597993850708008
2013-02-25,33.619998931884766,33.0,33.38999938964844,33.0099983215332,3045800.0,26.50965118408203
2013-02-26,33.439998626708984,32.880001068115234,33.22999954223633,32.9900016784668,3520900.0,26.49359130859375
2013-02-27,33.2400016784668,32.90999984741211,32.959999084472656,33.16999816894531,3628300.0,26.638137817382812
2013-02-28,33.33000183105469,33.060001373291016,33.150001525878906,33.11000061035156,3224700.0,26.5899600982666
2013-03-01,33.400001525878906,32.72999954223633,32.72999954223633,33.349998474121094,2970900.0,26.782697677612305
2013-03-04,33.540000915527344,33.02000045776367,33.13999938964844,33.52000045776367,2412600.0,26.919219970703125
2013-03-05,33.9900016784668,33.599998474121094,33.689998626708984,33.939998626708984,2253300.0,27.256507873535156
2013-03-06,34.09000015258789,33.650001525878906,34.0,33.779998779296875,1883200.0,27.128023147583008
2013-03-07,34.20000076293945,33.77000045776367,33.84000015258789,34.060001373291016,2913500.0,27.352876663208008
2013-03-08,34.25,33.84000015258789,34.2400016784668,33.9900016784668,1901600.0,27.29667091369629
2013-03-11,34.11000061035156,33.79999923706055,34.0099983215332,33.95000076293945,2032700.0,27.26454734802246
2013-03-12,34.04999923706055,33.7599983215332,33.9900016784668,33.88999938964844,1806700.0,27.216360092163086
2013-03-13,34.189998626708984,33.83000183105469,34.04999923706055,34.119998931884766,1811400.0,27.40106773376465
2013-03-14,34.2599983215332,34.04999923706055,34.099998474121094,34.25,1737400.0,27.505462646484375
2013-03-15,34.2400016784668,33.849998474121094,34.130001068115234,33.9900016784668,2971500.0,27.29667091369629
2013-03-18,34.02000045776367,33.650001525878906,33.720001220703125,33.790000915527344,1688300.0,27.136045455932617
2013-03-19,34.02000045776367,33.630001068115234,33.83000183105469,33.90999984741211,2430200.0,27.232419967651367
2013-03-20,34.470001220703125,33.84000015258789,34.11000061035156,34.38999938964844,3160200.0,27.617904663085938
2013-03-21,34.290000915527344,33.9900016784668,34.290000915527344,34.15999984741211,2783800.0,27.433195114135742
2013-03-22,34.439998626708984,34.029998779296875,34.189998626708984,34.439998626708984,2151700.0,27.65805435180664
2013-03-25,34.66999816894531,34.25,34.4900016784668,34.349998474121094,2769400.0,27.585773468017578
2013-03-26,34.90999984741211,34.41999816894531,34.41999816894531,34.84000015258789,2318100.0,27.97929573059082
2013-03-27,34.97999954223633,34.47999954223633,34.56999969482422,34.7599983215332,2900100.0,27.915040969848633
2013-03-28,35.18000030517578,34.099998474121094,34.83000183105469,35.060001373291016,4963600.0,28.15595817565918
2013-04-01,35.5,34.849998474121094,34.86000061035156,35.33000183105469,3701800.0,28.372798919677734
2013-04-02,35.900001525878906,35.290000915527344,35.61000061035156,35.869998931884766,3392200.0,28.806453704833984
2013-04-03,35.95000076293945,35.380001068115234,35.88999938964844,35.459999084472656,3064300.0,28.477190017700195
2013-04-04,35.790000915527344,35.41999816894531,35.45000076293945,35.61000061035156,1849300.0,28.59766387939453
2013-04-05,35.45000076293945,34.650001525878906,35.45000076293945,34.88999938964844,3799300.0,28.019433975219727
2013-04-08,35.060001373291016,34.779998779296875,34.869998931884766,35.060001373291016,1529900.0,28.15595817565918
2013-04-09,35.29999923706055,34.880001068115234,35.2400016784668,35.220001220703125,2618700.0,28.28445816040039
2013-04-10,35.84000015258789,35.22999954223633,35.310001373291016,35.79999923706055,2582900.0,28.75023651123047
2013-04-11,36.15999984741211,35.7599983215332,35.779998779296875,36.09000015258789,1616400.0,28.983137130737305
2013-04-12,36.13999938964844,35.810001373291016,36.11000061035156,36.13999938964844,1801700.0,29.023292541503906
2013-04-15,36.150001525878906,35.2599983215332,35.849998474121094,35.34000015258789,3425200.0,28.380823135375977
2013-04-16,35.779998779296875,35.369998931884766,35.5,35.65999984741211,2818800.0,28.6378116607666
2013-04-17,35.7400016784668,35.2400016784668,35.40999984741211,35.630001068115234,3646100.0,28.61372184753418
2013-04-18,35.83000183105469,35.15999984741211,35.790000915527344,35.33000183105469,2526200.0,28.372798919677734
2013-04-19,35.47999954223633,35.16999816894531,35.16999816894531,35.400001525878906,2532600.0,28.42901039123535
2013-04-22,35.709999084472656,35.099998474121094,35.599998474121094,35.560001373291016,1706500.0,28.557504653930664
2013-04-23,36.06999969482422,35.540000915527344,35.869998931884766,36.04999923706055,2486800.0,28.951011657714844
2013-04-24,36.25,35.97999954223633,36.13999938964844,36.040000915527344,1665100.0,28.9429874420166
2013-04-25,36.33000183105469,36.060001373291016,36.16999816894531,36.279998779296875,1847400.0,29.13571548461914
2013-04-26,36.310001373291016,35.849998474121094,36.22999954223633,35.869998931884766,2156900.0,28.806453704833984
2013-04-29,36.25,35.83000183105469,35.9900016784668,36.130001068115234,1419000.0,29.0152587890625
2013-04-30,36.41999816894531,36.02000045776367,36.04999923706055,36.40999984741211,2111400.0,29.24011993408203
2013-05-01,36.630001068115234,36.209999084472656,36.47999954223633,36.29999923706055,2142800.0,29.151782989501953
2013-05-02,36.93000030517578,36.369998931884766,36.5099983215332,36.900001525878906,2302600.0,29.63362693786621
2013-05-03,37.470001220703125,36.63999938964844,37.0099983215332,37.369998931884766,2700400.0,30.011075973510742
2013-05-06,37.31999969482422,36.959999084472656,37.22999954223633,37.11000061035156,1897000.0,29.802276611328125
2013-05-07,37.2599983215332,37.0,37.09000015258789,37.08000183105469,1339800.0,29.778182983398438
2013-05-08,37.22999954223633,36.91999816894531,36.91999816894531,37.18000030517578,1307900.0,29.858495712280273
2013-05-09,37.59000015258789,37.08000183105469,37.08000183105469,37.41999816894531,2047000.0,30.05122947692871
2013-05-10,37.7599983215332,37.36000061035156,37.52000045776367,37.7400016784668,1509900.0,30.30821990966797
2013-05-13,37.77000045776367,37.470001220703125,37.619998931884766,37.529998779296875,1279200.0,30.139564514160156
2013-05-14,38.209999084472656,37.630001068115234,37.63999938964844,38.20000076293945,2507500.0,30.677637100219727
2013-05-15,38.65999984741211,38.060001373291016,38.13999938964844,38.650001525878906,3229000.0,31.039024353027344
2013-05-16,38.58000183105469,37.900001525878906,38.540000915527344,37.939998626708984,2798000.0,30.468826293945312
2013-05-17,38.540000915527344,38.18000030517578,38.22999954223633,38.52000045776367,2095100.0,30.934621810913086
2013-05-20,38.52000045776367,38.060001373291016,38.33000183105469,38.18000030517578,1748100.0,30.66156768798828
2013-05-21,38.349998474121094,38.060001373291016,38.16999816894531,38.20000076293945,1499600.0,30.677637100219727
2013-05-22,38.54999923706055,37.77000045776367,38.2599983215332,37.97999954223633,1888000.0,30.500957489013672
2013-05-23,38.20000076293945,37.689998626708984,37.689998626708984,37.95000076293945,1901400.0,30.476869583129883
2013-05-24,37.88999938964844,37.59000015258789,37.7599983215332,37.86000061035156,1715200.0,30.404586791992188
2013-05-28,38.65999984741211,38.15999984741211,38.2400016784668,38.2599983215332,1660200.0,30.725812911987305
2013-05-29,38.060001373291016,37.560001373291016,37.959999084472656,37.83000183105469,2033700.0,30.380496978759766
2013-05-30,38.04999923706055,37.56999969482422,37.83000183105469,37.7599983215332,1888600.0,30.324281692504883
2013-05-31,38.0,37.22999954223633,37.540000915527344,37.22999954223633,3350000.0,29.898643493652344
2013-06-03,37.689998626708984,37.22999954223633,37.4900016784668,37.380001068115234,2616300.0,30.019107818603516
2013-06-04,37.599998474121094,36.91999816894531,37.439998626708984,37.099998474121094,1818700.0,29.79424285888672
2013-06-05,37.11000061035156,36.47999954223633,37.060001373291016,36.65999984741211,1820900.0,29.44088363647461
2013-06-06,36.77000045776367,36.13999938964844,36.13999938964844,36.720001220703125,2142200.0,29.489072799682617
2013-06-07,37.189998626708984,36.70000076293945,36.900001525878906,37.150001525878906,1242000.0,29.834400177001953
2013-06-10,37.2599983215332,36.900001525878906,37.09000015258789,37.08000183105469,1133600.0,29.778182983398438
2013-06-11,37.189998626708984,36.720001220703125,36.88999938964844,36.7400016784668,1392400.0,29.50514030456543
2013-06-12,37.0099983215332,36.560001373291016,36.95000076293945,36.560001373291016,1862100.0,29.360586166381836
2013-06-13,37.209999084472656,36.47999954223633,36.630001068115234,37.11000061035156,1602900.0,29.802276611328125
2013-06-14,37.349998474121094,36.95000076293945,37.06999969482422,37.13999938964844,1391000.0,29.826366424560547
2013-06-17,38.0,37.36000061035156,37.439998626708984,37.84000015258789,2278600.0,30.388525009155273
2013-06-18,37.93000030517578,37.470001220703125,37.84000015258789,37.79999923706055,1640900.0,30.356403350830078
2013-06-19,37.900001525878906,37.34000015258789,37.7599983215332,37.36000061035156,1520800.0,30.003040313720703
2013-06-20,37.189998626708984,36.689998626708984,36.95000076293945,36.7400016784668,2798600.0,29.50514030456543
2013-06-21,37.290000915527344,36.66999816894531,36.959999084472656,37.16999816894531,3338600.0,29.85045623779297
2013-06-24,37.369998931884766,36.84000015258789,36.9900016784668,37.2400016784668,3213400.0,29.906679153442383
2013-06-25,37.72999954223633,37.13999938964844,37.66999816894531,37.630001068115234,2003500.0,30.219879150390625
2013-06-26,38.13999938964844,37.619998931884766,37.880001068115234,37.9900016784668,2377800.0,30.50897789001465
2013-06-27,37.0,35.7400016784668,36.970001220703125,36.599998474121094,7255200.0,29.392704010009766
2013-06-28,36.77000045776367,36.0,36.15999984741211,36.5099983215332,4584900.0,29.3204288482666
2013-07-01,36.880001068115234,36.31999969482422,36.43000030517578,36.65999984741211,2307100.0,29.44088363647461
2013-07-02,37.2599983215332,36.619998931884766,36.790000915527344,36.939998626708984,2939000.0,29.665752410888672
2013-07-03,37.36000061035156,36.810001373291016,36.86000061035156,37.15999984741211,901300.0,29.842424392700195
2013-07-05,37.70000076293945,37.13999938964844,37.5,37.61000061035156,1219400.0,30.203807830810547
2013-07-08,38.060001373291016,37.66999816894531,37.9900016784668,38.040000915527344,2509300.0,30.549137115478516
2013-07-09,38.2400016784668,37.97999954223633,38.20000076293945,38.150001525878906,1674300.0,30.63748550415039
2013-07-10,38.619998931884766,38.040000915527344,38.040000915527344,38.47999954223633,1558600.0,30.90250015258789
2013-07-11,38.9900016784668,38.709999084472656,38.720001220703125,38.88999938964844,1759700.0,31.23175811767578
2013-07-12,39.4900016784668,38.88999938964844,39.470001220703125,39.400001525878906,2299800.0,31.64132308959961
2013-07-15,39.369998931884766,38.97999954223633,39.02000045776367,39.02000045776367,1855300.0,31.336158752441406
2013-07-16,39.220001220703125,38.970001220703125,39.0,39.060001373291016,1402900.0,31.36827850341797
2013-07-17,39.34000015258789,39.060001373291016,39.34000015258789,39.20000076293945,1685500.0,31.480709075927734
2013-07-18,39.5099983215332,39.16999816894531,39.25,39.36000061035156,1366300.0,31.609207153320312
2013-07-19,39.5099983215332,39.22999954223633,39.439998626708984,39.349998474121094,1688100.0,31.601173400878906
2013-07-22,39.650001525878906,39.290000915527344,39.619998931884766,39.400001525878906,1782000.0,31.64132308959961
2013-07-23,39.65999984741211,39.150001525878906,39.65999984741211,39.20000076293945,2017100.0,31.480709075927734
2013-07-24,39.5,39.040000915527344,39.4900016784668,39.220001220703125,1495900.0,31.496768951416016
2013-07-25,39.279998779296875,38.939998626708984,39.02000045776367,39.2400016784668,7128300.0,31.51283836364746
2013-07-26,39.27000045776367,38.84000015258789,39.0,39.27000045776367,7355900.0,31.536930084228516
2013-07-29,39.33000183105469,39.11000061035156,39.119998931884766,39.27000045776367,6125900.0,31.536930084228516
2013-07-30,39.33000183105469,38.880001068115234,39.099998474121094,38.880001068115234,2349300.0,31.504518508911133
2013-07-31,39.59000015258789,38.91999816894531,39.09000015258789,39.439998626708984,3518900.0,31.95828628540039
2013-08-01,40.47999954223633,39.40999984741211,39.61000061035156,40.439998626708984,3087000.0,32.76858139038086
2013-08-02,40.84000015258789,40.099998474121094,40.84000015258789,40.77000045776367,2822900.0,33.035980224609375
2013-08-05,40.619998931884766,40.40999984741211,40.4900016784668,40.5099983215332,2592600.0,32.82529067993164
2013-08-06,40.689998626708984,40.369998931884766,40.38999938964844,40.52000045776367,1832600.0,32.83341598510742
2013-08-07,40.47999954223633,40.099998474121094,40.459999084472656,40.33000183105469,1565200.0,32.67945098876953
2013-08-08,40.58000183105469,40.209999084472656,40.58000183105469,40.25,1514200.0,32.614627838134766
2013-08-09,40.59000015258789,40.0099983215332,40.06999969482422,40.400001525878906,1627500.0,32.736175537109375
2013-08-12,40.59000015258789,40.04999923706055,40.099998474121094,40.36000061035156,1203300.0,32.703758239746094
2013-08-13,40.560001373291016,40.15999984741211,40.5,40.310001373291016,1775800.0,32.663246154785156
2013-08-14,40.380001068115234,39.91999816894531,40.36000061035156,40.02000045776367,1479800.0,32.428253173828125
2013-08-15,39.81999969482422,39.459999084472656,39.81999969482422,39.540000915527344,1923500.0,32.03931427001953
2013-08-16,39.58000183105469,39.2400016784668,39.470001220703125,39.31999969482422,1548500.0,31.861045837402344
2013-08-19,39.619998931884766,39.25,39.27000045776367,39.36000061035156,1342300.0,31.893463134765625
2013-08-20,39.779998779296875,39.31999969482422,39.5099983215332,39.540000915527344,1308700.0,32.03931427001953
2013-08-21,39.630001068115234,39.060001373291016,39.349998474121094,39.18000030517578,1186700.0,31.74761199951172
2013-08-22,39.630001068115234,39.209999084472656,39.400001525878906,39.45000076293945,1111700.0,31.966388702392578
2013-08-23,39.59000015258789,39.13999938964844,39.470001220703125,39.310001373291016,1303500.0,31.852943420410156
2013-08-26,39.40999984741211,39.08000183105469,39.310001373291016,39.130001068115234,871900.0,31.707090377807617
2013-08-27,38.810001373291016,38.459999084472656,38.720001220703125,38.470001220703125,1539600.0,31.17229652404785
2013-08-28,38.70000076293945,38.459999084472656,38.56999969482422,38.540000915527344,1287600.0,31.229019165039062
2013-08-29,38.83000183105469,38.33000183105469,38.470001220703125,38.59000015258789,1294300.0,31.269535064697266
2013-08-30,38.75,38.34000015258789,38.5099983215332,38.68000030517578,2261400.0,31.34244155883789
2013-09-03,39.150001525878906,38.34000015258789,38.959999084472656,38.56999969482422,1579800.0,31.253328323364258
2013-09-04,38.91999816894531,36.79999923706055,36.79999923706055,38.84000015258789,2073100.0,31.47211456298828
2013-09-05,39.08000183105469,38.68000030517578,38.77000045776367,38.95000076293945,977000.0,31.561235427856445
2013-09-06,39.45000076293945,38.52000045776367,39.099998474121094,39.16999816894531,1440400.0,31.739501953125
2013-09-09,39.59000015258789,39.150001525878906,39.34000015258789,39.540000915527344,964500.0,32.03931427001953
2013-09-10,40.09000015258789,39.689998626708984,39.70000076293945,39.9900016784668,1344700.0,32.40395736694336
2013-09-11,40.5,39.939998626708984,39.939998626708984,40.4900016784668,1603100.0,32.8090934753418
2013-09-12,40.70000076293945,40.2599983215332,40.349998474121094,40.279998779296875,1092200.0,32.63894271850586
2013-09-13,40.41999816894531,40.09000015258789,40.34000015258789,40.33000183105469,925600.0,32.67945098876953
2013-09-16,40.849998474121094,40.58000183105469,40.599998474121094,40.650001525878906,1104800.0,32.938743591308594
2013-09-17,40.790000915527344,40.56999969482422,40.720001220703125,40.720001220703125,983200.0,32.9954719543457
2013-09-18,41.15999984741211,40.63999938964844,40.65999984741211,40.91999816894531,1736300.0,33.157535552978516
2013-09-19,41.150001525878906,40.88999938964844,41.040000915527344,41.11000061035156,1173400.0,33.311492919921875
2013-09-20,41.2400016784668,40.93000030517578,41.18000030517578,40.9900016784668,2562200.0,33.21426010131836
2013-09-23,41.0,40.380001068115234,40.939998626708984,40.66999816894531,2051700.0,32.954952239990234
2013-09-24,40.869998931884766,40.52000045776367,40.709999084472656,40.709999084472656,1383000.0,32.98737335205078
2013-09-25,40.81999969482422,40.439998626708984,40.630001068115234,40.59000015258789,1363100.0,32.89012145996094
2013-09-26,40.9900016784668,40.61000061035156,40.709999084472656,40.79999923706055,1345600.0,33.060298919677734
2013-09-27,40.77000045776367,40.220001220703125,40.7400016784668,40.349998474121094,2026300.0,32.69565963745117
2013-09-30,40.77000045776367,40.0,40.0099983215332,40.63999938964844,3255600.0,32.93063735961914
2013-10-01,40.13999938964844,39.470001220703125,39.91999816894531,39.97999954223633,4076600.0,32.395851135253906
2013-10-02,39.939998626708984,39.529998779296875,39.869998931884766,39.939998626708984,2213400.0,32.36343765258789
2013-10-03,39.9900016784668,39.43000030517578,39.970001220703125,39.52000045776367,2268800.0,32.023109436035156
2013-10-04,39.689998626708984,39.349998474121094,39.619998931884766,39.54999923706055,2199800.0,32.04741668701172
2013-10-07,39.689998626708984,39.209999084472656,39.369998931884766,39.65999984741211,2266900.0,32.13655471801758
2013-10-08,39.790000915527344,39.52000045776367,39.560001373291016,39.560001373291016,3388600.0,32.05552291870117
2013-10-09,39.7400016784668,39.209999084472656,39.58000183105469,39.41999816894531,2788800.0,31.942081451416016
2013-10-10,40.220001220703125,39.61000061035156,39.65999984741211,40.189998626708984,2819400.0,32.566001892089844
2013-10-11,40.79999923706055,40.040000915527344,40.04999923706055,40.7400016784668,1775500.0,33.01167297363281
2013-10-14,40.959999084472656,40.52000045776367,40.68000030517578,40.900001525878906,1656000.0,33.141326904296875
2013-10-15,40.81999969482422,40.56999969482422,40.810001373291016,40.720001220703125,2064100.0,32.9954719543457
2013-10-16,41.18000030517578,40.709999084472656,40.84000015258789,41.16999816894531,1990600.0,33.360103607177734
2013-10-17,41.40999984741211,40.91999816894531,40.97999954223633,41.400001525878906,1566100.0,33.54647445678711
2013-10-18,41.66999816894531,41.2400016784668,41.43000030517578,41.630001068115234,1579500.0,33.73284149169922
2013-10-21,42.27000045776367,41.459999084472656,41.5099983215332,42.2599983215332,2291700.0,34.24333572387695
2013-10-22,42.849998474121094,41.93000030517578,41.93000030517578,42.720001220703125,2584700.0,34.61607360839844
2013-10-23,42.689998626708984,42.45000076293945,42.54999923706055,42.65999984741211,1729200.0,34.56745529174805
2013-10-24,42.970001220703125,42.63999938964844,42.689998626708984,42.849998474121094,1563300.0,34.721412658691406
2013-10-25,43.0,42.70000076293945,43.0,43.0,1189800.0,34.84296417236328
2013-10-28,43.349998474121094,42.810001373291016,42.97999954223633,43.27000045776367,1526700.0,35.061737060546875
2013-10-29,43.619998931884766,43.0,43.27000045776367,43.27000045776367,2742000.0,35.061737060546875
2013-10-30,42.90999984741211,41.279998779296875,41.279998779296875,42.29999923706055,4746800.0,34.55524826049805
2013-10-31,42.40999984741211,42.099998474121094,42.22999954223633,42.27000045776367,3021400.0,34.53075408935547
2013-11-01,42.45000076293945,41.880001068115234,42.220001220703125,41.9900016784668,2284500.0,34.30200958251953
2013-11-04,42.2400016784668,41.86000061035156,42.2400016784668,42.0,2370600.0,34.3101692199707
2013-11-05,42.09000015258789,41.689998626708984,41.939998626708984,41.90999984741211,1806700.0,34.236663818359375
2013-11-06,42.2400016784668,41.720001220703125,41.90999984741211,41.90999984741211,2117200.0,34.236663818359375
2013-11-07,42.25,41.41999816894531,42.11000061035156,41.790000915527344,3547700.0,34.13862991333008
2013-11-08,42.209999084472656,41.720001220703125,41.779998779296875,42.209999084472656,1928000.0,34.48173141479492
2013-11-11,42.279998779296875,41.95000076293945,42.099998474121094,42.029998779296875,1409800.0,34.33469009399414
2013-11-12,42.209999084472656,41.790000915527344,41.900001525878906,42.20000076293945,1717700.0,34.47357177734375
2013-11-13,42.779998779296875,41.27000045776367,41.27000045776367,42.77000045776367,1981500.0,34.939205169677734
2013-11-14,43.2400016784668,42.66999816894531,42.84000015258789,43.119998931884766,1572800.0,35.22512435913086
2013-11-15,43.349998474121094,42.779998779296875,43.11000061035156,43.33000183105469,2011200.0,35.396671295166016
2013-11-18,43.66999816894531,43.36000061035156,43.47999954223633,43.43000030517578,1858900.0,35.478363037109375
2013-11-19,43.86000061035156,42.11000061035156,42.72999954223633,43.59000015258789,2767300.0,35.609073638916016
2013-11-20,44.0,43.189998626708984,43.560001373291016,43.310001373291016,2330900.0,35.380332946777344
2013-11-21,43.65999984741211,43.36000061035156,43.52000045776367,43.630001068115234,1946400.0,35.64175033569336
2013-11-22,43.93000030517578,43.33000183105469,43.93000030517578,43.5,2892400.0,35.535545349121094
2013-11-25,43.7599983215332,43.40999984741211,43.560001373291016,43.5,1563300.0,35.535545349121094
2013-11-26,44.0099983215332,43.43000030517578,43.61000061035156,43.7400016784668,3274500.0,35.731605529785156
2013-11-27,43.939998626708984,43.619998931884766,43.84000015258789,43.75,1305300.0,35.739776611328125
2013-11-29,44.0,43.65999984741211,43.689998626708984,43.72999954223633,858000.0,35.72342300415039
2013-12-02,43.91999816894531,43.47999954223633,43.869998931884766,43.59000015258789,1651500.0,35.609073638916016
2013-12-03,44.400001525878906,43.56999969482422,43.75,43.72999954223633,4477500.0,35.72342300415039
2013-12-04,44.630001068115234,43.25,44.630001068115234,43.47999954223633,3862700.0,35.51921463012695
2013-12-05,43.4900016784668,42.54999923706055,43.4900016784668,42.68000030517578,2843200.0,34.86567306518555
2013-12-06,43.38999938964844,42.939998626708984,43.25,43.369998931884766,2187500.0,35.42934799194336
2013-12-09,43.619998931884766,43.150001525878906,43.470001220703125,43.4900016784668,2142500.0,35.52737808227539
2013-12-10,43.619998931884766,43.27000045776367,43.43000030517578,43.380001068115234,3246900.0,35.43751907348633
2013-12-11,43.4900016784668,42.939998626708984,43.34000015258789,43.0,2247700.0,35.12709426879883
2013-12-12,43.06999969482422,42.56999969482422,42.91999816894531,43.0099983215332,3086600.0,35.135257720947266
2013-12-13,43.099998474121094,42.52000045776367,43.09000015258789,42.630001068115234,3160700.0,34.8248405456543
2013-12-16,43.31999969482422,42.83000183105469,42.9900016784668,43.16999816894531,1892400.0,35.265953063964844
2013-12-17,43.189998626708984,42.7400016784668,43.189998626708984,42.900001525878906,2042000.0,35.04539489746094
2013-12-18,43.400001525878906,42.52000045776367,43.0099983215332,43.31999969482422,4188500.0,35.38850402832031
2013-12-19,45.689998626708984,44.0,44.25,44.900001525878906,7014400.0,36.679222106933594
2013-12-20,45.22999954223633,44.43000030517578,44.84000015258789,45.150001525878906,3982000.0,36.883445739746094
2013-12-23,45.4900016784668,45.15999984741211,45.459999084472656,45.47999954223633,2446800.0,37.15303039550781
2013-12-24,45.529998779296875,45.29999923706055,45.439998626708984,45.43000030517578,825700.0,37.112178802490234
2013-12-26,45.790000915527344,45.34000015258789,45.63999938964844,45.63999938964844,1128500.0,37.28373336791992
2013-12-27,45.939998626708984,45.5,45.720001220703125,45.58000183105469,951900.0,37.234718322753906
2013-12-30,45.689998626708984,45.470001220703125,45.630001068115234,45.66999816894531,1181500.0,37.3082389831543
2013-12-31,45.7400016784668,45.459999084472656,45.59000015258789,45.529998779296875,1466100.0,37.193870544433594
2014-01-02,45.540000915527344,44.95000076293945,45.439998626708984,45.060001373291016,1853800.0,36.8099250793457
2014-01-03,45.5099983215332,45.06999969482422,45.22999954223633,45.220001220703125,1808900.0,36.94063186645508
2014-01-06,45.65999984741211,44.630001068115234,45.25,44.83000183105469,1839900.0,36.62203598022461
2014-01-07,45.95000076293945,44.970001220703125,45.86000061035156,45.09000015258789,1975100.0,36.834434509277344
2014-01-08,45.5099983215332,44.56999969482422,45.41999816894531,44.7599983215332,5596800.0,36.56485366821289
2014-01-09,44.810001373291016,44.45000076293945,44.5,44.529998779296875,2789700.0,36.37696838378906
2014-01-10,44.54999923706055,44.13999938964844,44.4900016784668,44.369998931884766,2889500.0,36.24625778198242
2014-01-13,44.43000030517578,43.369998931884766,44.400001525878906,43.58000183105469,2777000.0,35.600894927978516
2014-01-14,44.119998931884766,43.58000183105469,43.72999954223633,43.7599983215332,2807300.0,35.74794006347656
2014-01-15,43.95000076293945,43.5099983215332,43.79999923706055,43.63999938964844,4176300.0,35.6499137878418
2014-01-16,44.060001373291016,43.54999923706055,43.63999938964844,43.95000076293945,3093900.0,35.903160095214844
2014-01-17,44.310001373291016,43.75,43.790000915527344,44.099998474121094,2729800.0,36.025691986083984
2014-01-21,44.29999923706055,43.72999954223633,44.15999984741211,43.779998779296875,2444300.0,35.764286041259766
2014-01-22,44.0099983215332,43.540000915527344,43.849998474121094,43.709999084472656,2269800.0,35.70708465576172
2014-01-23,43.70000076293945,42.959999084472656,43.459999084472656,43.290000915527344,2724800.0,35.36400604248047
2014-01-24,43.15999984741211,42.06999969482422,43.08000183105469,42.08000183105469,3086300.0,34.37553787231445
2014-01-27,42.310001373291016,41.470001220703125,41.470001220703125,41.880001068115234,2235200.0,34.212162017822266
2014-01-28,42.380001068115234,41.790000915527344,41.900001525878906,42.290000915527344,2060300.0,34.54708480834961
2014-01-29,42.31999969482422,41.880001068115234,42.08000183105469,42.02000045776367,2747600.0,34.326515197753906
2014-01-30,42.439998626708984,41.650001525878906,41.81999969482422,42.279998779296875,2158000.0,34.82902526855469
2014-01-31,42.040000915527344,41.5099983215332,41.599998474121094,41.81999969482422,2806700.0,34.45009231567383
2014-02-03,41.97999954223633,40.349998474121094,41.869998931884766,40.400001525878906,3848000.0,33.280338287353516
2014-02-04,41.119998931884766,39.86000061035156,40.400001525878906,40.83000183105469,3767700.0,33.63454818725586
2014-02-05,40.83000183105469,40.29999923706055,40.66999816894531,40.7400016784668,3008200.0,33.56041717529297
2014-02-06,41.04999923706055,40.650001525878906,40.70000076293945,41.0099983215332,1621100.0,33.78282928466797
2014-02-07,41.880001068115234,40.56999969482422,41.880001068115234,40.900001525878906,3722700.0,33.69221115112305
2014-02-10,40.849998474121094,40.56999969482422,40.72999954223633,40.72999954223633,3367300.0,33.55217742919922
2014-02-11,41.45000076293945,40.70000076293945,41.45000076293945,41.16999816894531,2055300.0,33.914634704589844
2014-02-12,41.68000030517578,41.119998931884766,41.369998931884766,41.470001220703125,2148800.0,34.161766052246094
2014-02-13,41.650001525878906,41.0,41.0099983215332,41.540000915527344,1707000.0,34.21942138671875
2014-02-14,41.790000915527344,41.2599983215332,41.36000061035156,41.59000015258789,2081100.0,34.260616302490234
2014-02-18,41.619998931884766,41.310001373291016,41.59000015258789,41.52000045776367,2731800.0,34.20296096801758
2014-02-19,41.970001220703125,41.400001525878906,41.54999923706055,41.5099983215332,2372300.0,34.19471740722656
2014-02-20,41.5099983215332,41.0099983215332,41.33000183105469,41.27000045776367,2308000.0,33.99702072143555
2014-02-21,41.77000045776367,40.900001525878906,41.59000015258789,41.349998474121094,2906700.0,34.06291961669922
2014-02-24,41.91999816894531,41.27000045776367,41.33000183105469,41.529998779296875,1619400.0,34.2111930847168
2014-02-25,41.86000061035156,41.2400016784668,41.63999938964844,41.27000045776367,2882400.0,33.99702072143555
2014-02-26,41.88999938964844,41.18000030517578,41.43000030517578,41.63999938964844,3272200.0,34.30180740356445
2014-02-27,41.72999954223633,41.209999084472656,41.68000030517578,41.54999923706055,3266100.0,34.2276725769043
2014-02-28,41.97999954223633,41.15999984741211,41.45000076293945,41.7599983215332,2444200.0,34.40065383911133
2014-03-03,41.75,40.9900016784668,41.54999923706055,41.18000030517578,1773500.0,33.922874450683594
2014-03-04,42.5099983215332,41.720001220703125,41.790000915527344,42.34000015258789,2832900.0,34.87844467163086
2014-03-05,42.31999969482422,41.790000915527344,42.2599983215332,42.040000915527344,1919400.0,34.631309509277344
2014-03-06,42.209999084472656,41.91999816894531,42.119998931884766,42.02000045776367,1592700.0,34.614845275878906
2014-03-07,42.939998626708984,42.029998779296875,42.029998779296875,42.63999938964844,2561100.0,35.12557601928711
2014-03-10,42.75,42.2599983215332,42.61000061035156,42.43000030517578,1643800.0,34.95259094238281
2014-03-11,42.599998474121094,42.15999984741211,42.5,42.310001373291016,1032700.0,34.853736877441406
2014-03-12,42.41999816894531,41.90999984741211,42.040000915527344,42.400001525878906,1870500.0,34.9278678894043
2014-03-13,42.529998779296875,41.63999938964844,42.529998779296875,41.689998626708984,1736000.0,34.34299087524414
2014-03-14,41.93000030517578,41.439998626708984,41.72999954223633,41.81999969482422,2034000.0,34.45009231567383
2014-03-17,42.41999816894531,41.970001220703125,42.20000076293945,42.2400016784668,1278900.0,34.79608154296875
2014-03-18,42.790000915527344,42.2599983215332,42.40999984741211,42.68000030517578,1486800.0,35.15852355957031
2014-03-19,42.880001068115234,42.2400016784668,42.68000030517578,42.56999969482422,1677300.0,35.06790542602539
2014-03-20,43.099998474121094,42.31999969482422,42.45000076293945,42.91999816894531,2501800.0,35.356224060058594
2014-03-21,43.369998931884766,42.61000061035156,43.369998931884766,42.84000015258789,4862000.0,35.29032897949219
2014-03-24,43.099998474121094,42.16999816894531,42.97999954223633,42.349998474121094,2115500.0,34.886688232421875
2014-03-25,42.70000076293945,42.02000045776367,42.630001068115234,42.470001220703125,1665600.0,34.98554611206055
2014-03-26,42.68000030517578,41.90999984741211,42.5099983215332,41.91999816894531,2612600.0,34.53246307373047
2014-03-27,43.560001373291016,41.75,43.220001220703125,42.52000045776367,3499800.0,35.0267333984375
2014-03-28,43.02000045776367,42.22999954223633,42.58000183105469,42.560001373291016,1856400.0,35.05967330932617
2014-03-31,42.90999984741211,42.459999084472656,42.619998931884766,42.599998474121094,2563700.0,35.09262466430664
2014-04-01,42.529998779296875,42.04999923706055,42.5099983215332,42.5,3335100.0,35.010257720947266
2014-04-02,42.88999938964844,42.189998626708984,42.20000076293945,42.810001373291016,3247100.0,35.26561737060547
2014-04-03,43.29999923706055,42.27000045776367,43.29999923706055,42.79999923706055,2569900.0,35.257381439208984
2014-04-04,43.060001373291016,41.45000076293945,43.060001373291016,41.470001220703125,3184200.0,34.161766052246094
2014-04-07,41.47999954223633,40.7599983215332,41.20000076293945,41.34000015258789,3595500.0,34.054683685302734
2014-04-08,41.54999923706055,41.040000915527344,41.29999923706055,41.29999923706055,2472200.0,34.021724700927734
2014-04-09,41.52000045776367,40.79999923706055,41.400001525878906,41.2400016784668,3022900.0,33.97229766845703
2014-04-10,41.619998931884766,40.61000061035156,41.29999923706055,40.630001068115234,3693700.0,33.469810485839844
2014-04-11,40.619998931884766,39.79999923706055,40.47999954223633,39.91999816894531,3228300.0,32.88492202758789
2014-04-14,40.4900016784668,39.83000183105469,40.22999954223633,40.29999923706055,2021400.0,33.19795227050781
2014-04-15,40.779998779296875,40.060001373291016,40.20000076293945,40.68000030517578,2672100.0,33.51099395751953
2014-04-16,41.22999954223633,40.56999969482422,41.08000183105469,40.880001068115234,1881400.0,33.67575454711914
2014-04-17,41.20000076293945,40.68000030517578,40.790000915527344,40.93000030517578,1589500.0,33.7169303894043
2014-04-21,41.220001220703125,40.70000076293945,41.099998474121094,40.84000015258789,1318800.0,33.642791748046875
2014-04-22,41.09000015258789,40.66999816894531,40.68000030517578,40.9900016784668,1500000.0,33.76636505126953
2014-04-23,41.13999938964844,40.86000061035156,41.0,40.880001068115234,1525900.0,33.67575454711914
2014-04-24,41.25,40.79999923706055,41.20000076293945,40.91999816894531,1612900.0,33.70869064331055
2014-04-25,40.91999816894531,40.369998931884766,40.720001220703125,40.38999938964844,1546800.0,33.2720947265625
2014-04-28,40.86000061035156,40.18000030517578,40.66999816894531,40.68000030517578,1891000.0,33.51099395751953
2014-04-29,41.040000915527344,40.77000045776367,41.02000045776367,40.88999938964844,1903100.0,33.683982849121094
2014-04-30,41.810001373291016,40.689998626708984,40.77000045776367,41.810001373291016,2796300.0,34.44186019897461
2014-05-01,41.88999938964844,41.33000183105469,41.779998779296875,41.40999984741211,1453600.0,34.11234664916992
2014-05-02,41.7400016784668,40.61000061035156,40.61000061035156,41.400001525878906,1806900.0,34.10410690307617
2014-05-05,41.68000030517578,40.90999984741211,41.09000015258789,41.4900016784668,1632300.0,34.178245544433594
2014-05-06,41.470001220703125,40.7400016784668,41.2599983215332,40.79999923706055,1937100.0,33.60983657836914
2014-05-07,41.04999923706055,40.209999084472656,40.810001373291016,40.45000076293945,2954900.0,33.321510314941406
2014-05-08,40.790000915527344,40.029998779296875,40.31999969482422,40.77000045776367,2062800.0,33.87826919555664
2014-05-09,41.029998779296875,40.619998931884766,40.83000183105469,40.88999938964844,1665200.0,33.97798156738281
2014-05-12,41.43000030517578,40.959999084472656,40.959999084472656,41.310001373291016,1505900.0,34.32697296142578
2014-05-13,41.56999969482422,41.220001220703125,41.31999969482422,41.349998474121094,1570100.0,34.3602180480957
2014-05-14,41.38999938964844,40.84000015258789,41.279998779296875,40.880001068115234,1662300.0,33.96967315673828
2014-05-15,40.75,40.029998779296875,40.75,40.41999816894531,2182900.0,33.58743667602539
2014-05-16,40.93000030517578,40.2400016784668,40.43000030517578,40.849998474121094,1660400.0,33.94474792480469
2014-05-19,41.099998474121094,40.689998626708984,40.91999816894531,41.060001373291016,1138000.0,34.11924362182617
2014-05-20,41.119998931884766,40.689998626708984,41.11000061035156,40.790000915527344,2331500.0,33.89487838745117
2014-05-21,41.040000915527344,40.5,40.880001068115234,40.52000045776367,1989400.0,33.670528411865234
2014-05-22,40.63999938964844,40.36000061035156,40.52000045776367,40.40999984741211,2223700.0,33.57912826538086
2014-05-23,40.880001068115234,40.310001373291016,40.66999816894531,40.81999969482422,1523000.0,33.91981506347656
2014-05-27,41.130001068115234,40.72999954223633,40.81999969482422,41.119998931884766,1394700.0,34.169090270996094
2014-05-28,41.310001373291016,40.900001525878906,41.20000076293945,41.06999969482422,1443200.0,34.127559661865234
2014-05-29,41.45000076293945,41.06999969482422,41.11000061035156,41.439998626708984,1126400.0,34.43500900268555
2014-05-30,41.619998931884766,41.040000915527344,41.59000015258789,41.11000061035156,3017300.0,34.16079330444336
2014-06-02,41.27000045776367,40.83000183105469,41.150001525878906,40.880001068115234,1740300.0,33.96967315673828
2014-06-03,40.7599983215332,40.209999084472656,40.63999938964844,40.45000076293945,2414900.0,33.61235427856445
2014-06-04,40.83000183105469,40.209999084472656,40.369998931884766,40.83000183105469,1970300.0,33.92812728881836
2014-06-05,41.11000061035156,40.369998931884766,40.810001373291016,41.11000061035156,2076900.0,34.16079330444336
2014-06-06,41.599998474121094,41.02000045776367,41.189998626708984,41.20000076293945,1926400.0,34.23557662963867
2014-06-09,41.47999954223633,41.119998931884766,41.2400016784668,41.349998474121094,987000.0,34.3602180480957
2014-06-10,41.380001068115234,41.02000045776367,41.290000915527344,41.130001068115234,1028900.0,34.17741775512695
2014-06-11,41.06999969482422,40.7599983215332,41.06999969482422,40.970001220703125,1203900.0,34.044456481933594
2014-06-12,41.02000045776367,40.650001525878906,40.77000045776367,40.81999969482422,1220300.0,33.91981506347656
2014-06-13,41.18000030517578,40.88999938964844,40.93000030517578,41.099998474121094,1227500.0,34.152496337890625
2014-06-16,41.33000183105469,40.84000015258789,40.95000076293945,41.04999923706055,1128800.0,34.110939025878906
2014-06-17,41.400001525878906,40.84000015258789,41.0,41.209999084472656,1844500.0,34.243900299072266
2014-06-18,41.45000076293945,40.91999816894531,41.130001068115234,41.40999984741211,1154200.0,34.41007614135742
2014-06-19,41.59000015258789,41.040000915527344,41.59000015258789,41.220001220703125,1347700.0,34.252197265625
2014-06-20,41.810001373291016,41.2599983215332,41.43000030517578,41.63999938964844,2857100.0,34.601200103759766
2014-06-23,41.65999984741211,41.290000915527344,41.63999938964844,41.58000183105469,1184300.0,34.55133819580078
2014-06-24,41.9900016784668,41.369998931884766,41.5099983215332,41.45000076293945,1948400.0,34.443321228027344
2014-06-25,41.59000015258789,41.189998626708984,41.27000045776367,41.38999938964844,1596500.0,34.393463134765625
2014-06-26,41.439998626708984,40.97999954223633,41.34000015258789,41.2599983215332,1909500.0,34.28543472290039
2014-06-27,41.5099983215332,41.02000045776367,41.22999954223633,41.209999084472656,2105700.0,34.243900299072266
2014-06-30,41.720001220703125,40.79999923706055,40.79999923706055,41.560001373291016,2253200.0,34.534732818603516
2014-07-01,42.5,40.59000015258789,40.70000076293945,42.130001068115234,4384100.0,35.00837707519531
2014-07-02,41.779998779296875,40.65999984741211,41.25,41.150001525878906,4421500.0,34.19403076171875
2014-07-03,41.56999969482422,41.189998626708984,41.220001220703125,41.54999923706055,2262000.0,34.52641677856445
2014-07-07,41.54999923706055,41.15999984741211,41.54999923706055,41.43000030517578,1488500.0,34.42670440673828
2014-07-08,42.2400016784668,41.400001525878906,41.59000015258789,41.86000061035156,3873000.0,34.78400802612305
2014-07-09,42.2599983215332,41.599998474121094,42.13999938964844,41.70000076293945,2464200.0,34.651065826416016
2014-07-10,42.130001068115234,41.47999954223633,41.84000015258789,41.91999816894531,1976000.0,34.8338623046875
2014-07-11,42.04999923706055,41.72999954223633,41.9900016784668,41.91999816894531,1428500.0,34.8338623046875
2014-07-14,42.31999969482422,42.040000915527344,42.209999084472656,42.15999984741211,1346900.0,35.033302307128906
2014-07-15,42.439998626708984,41.97999954223633,42.29999923706055,42.34000015258789,2125500.0,35.1828727722168
2014-07-16,42.59000015258789,42.150001525878906,42.459999084472656,42.18000030517578,1261800.0,35.0499153137207
2014-07-17,42.209999084472656,41.54999923706055,42.099998474121094,41.619998931884766,1676200.0,34.58457946777344
2014-07-18,42.130001068115234,41.56999969482422,41.7400016784668,42.11000061035156,1640100.0,34.99175262451172
2014-07-21,42.20000076293945,41.70000076293945,42.11000061035156,42.02000045776367,1290700.0,34.91697311401367
2014-07-22,42.439998626708984,42.09000015258789,42.22999954223633,42.189998626708984,1040200.0,35.058231353759766
2014-07-23,42.290000915527344,42.040000915527344,42.16999816894531,42.060001373291016,1077000.0,34.95020294189453
2014-07-24,42.65999984741211,42.099998474121094,42.16999816894531,42.560001373291016,1622600.0,35.365692138671875
2014-07-25,42.63999938964844,42.06999969482422,42.459999084472656,42.380001068115234,1493900.0,35.21611785888672
2014-07-28,42.47999954223633,41.95000076293945,42.47999954223633,42.22999954223633,1214400.0,35.09147262573242
2014-07-29,42.40999984741211,41.86000061035156,42.27000045776367,41.869998931884766,1614300.0,34.79233169555664
2014-07-30,41.72999954223633,41.2599983215332,41.540000915527344,41.47999954223633,1671600.0,34.783935546875
2014-07-31,41.470001220703125,40.970001220703125,41.349998474121094,41.0099983215332,2050500.0,34.38980484008789
2014-08-01,41.209999084472656,40.880001068115234,40.97999954223633,41.02000045776367,2534900.0,34.398197174072266
2014-08-04,41.130001068115234,40.099998474121094,40.970001220703125,40.86000061035156,4333900.0,34.26401901245117
2014-08-05,40.84000015258789,40.369998931884766,40.369998931884766,40.52000045776367,2571100.0,33.978912353515625
2014-08-06,40.75,40.209999084472656,40.400001525878906,40.66999816894531,1615700.0,34.10469055175781
2014-08-07,40.88999938964844,40.27000045776367,40.72999954223633,40.45000076293945,1799200.0,33.92020034790039
2014-08-08,41.380001068115234,40.5099983215332,40.63999938964844,41.34000015258789,2104100.0,34.666534423828125
2014-08-11,41.7400016784668,41.45000076293945,41.5099983215332,41.59000015258789,1435400.0,34.87617874145508
2014-08-12,41.650001525878906,41.2599983215332,41.59000015258789,41.40999984741211,1500400.0,34.7252311706543
2014-08-13,41.86000061035156,41.41999816894531,41.66999816894531,41.56999969482422,1927400.0,34.85940933227539
2014-08-14,41.75,41.130001068115234,41.130001068115234,41.709999084472656,954000.0,34.976810455322266
2014-08-15,42.0,41.27000045776367,41.95000076293945,41.54999923706055,1996300.0,34.842647552490234
2014-08-18,42.150001525878906,41.790000915527344,41.959999084472656,42.09000015258789,1734700.0,35.295467376708984
2014-08-19,42.18000030517578,41.939998626708984,42.11000061035156,42.16999816894531,908000.0,35.362552642822266
2014-08-20,42.16999816894531,41.720001220703125,42.040000915527344,41.849998474121094,1495300.0,35.094207763671875
2014-08-21,42.119998931884766,41.70000076293945,41.790000915527344,42.09000015258789,1011300.0,35.295467376708984
2014-08-22,42.18000030517578,41.84000015258789,42.18000030517578,41.93000030517578,883500.0,35.161293029785156
2014-08-25,42.220001220703125,41.88999938964844,42.150001525878906,41.90999984741211,880400.0,35.14452362060547
2014-08-26,42.18000030517578,41.91999816894531,41.970001220703125,41.97999954223633,669500.0,35.203224182128906
2014-08-27,41.97999954223633,41.779998779296875,41.95000076293945,41.959999084472656,1155400.0,35.18644714355469
2014-08-28,42.0099983215332,41.61000061035156,41.61000061035156,41.779998779296875,1001600.0,35.03550720214844
2014-08-29,41.9900016784668,41.459999084472656,41.9900016784668,41.650001525878906,1711400.0,34.926483154296875
2014-09-02,41.9900016784668,41.59000015258789,41.81999969482422,41.900001525878906,1547900.0,35.136131286621094
2014-09-03,42.2599983215332,41.93000030517578,41.95000076293945,42.22999954223633,2238000.0,35.41286087036133
2014-09-04,42.52000045776367,42.13999938964844,42.20000076293945,42.34000015258789,1533500.0,35.505096435546875
2014-09-05,42.52000045776367,42.06999969482422,42.33000183105469,42.33000183105469,2446800.0,35.49672317504883
2014-09-08,42.54999923706055,42.16999816894531,42.31999969482422,42.470001220703125,1757300.0,35.6141242980957
2014-09-09,42.40999984741211,41.95000076293945,42.31999969482422,42.040000915527344,1318200.0,35.2535400390625
2014-09-10,42.099998474121094,41.90999984741211,41.97999954223633,42.08000183105469,1461500.0,35.28708267211914
2014-09-11,42.11000061035156,41.83000183105469,42.0,42.029998779296875,1215800.0,35.245155334472656
2014-09-12,42.189998626708984,41.68000030517578,42.150001525878906,41.970001220703125,1420800.0,35.1948356628418
2014-09-15,42.119998931884766,41.790000915527344,41.86000061035156,42.11000061035156,1144700.0,35.31223678588867
2014-09-16,42.119998931884766,41.63999938964844,41.68000030517578,41.900001525878906,1859600.0,35.136131286621094
2014-09-17,42.560001373291016,41.790000915527344,41.79999923706055,42.54999923706055,2455900.0,35.68120574951172
2014-09-18,42.9900016784668,42.540000915527344,42.70000076293945,42.97999954223633,2189700.0,36.04179382324219
2014-09-19,43.16999816894531,42.70000076293945,43.040000915527344,42.959999084472656,3348400.0,36.0250244140625
2014-09-22,42.939998626708984,42.380001068115234,42.84000015258789,42.47999954223633,2108100.0,35.62251281738281
2014-09-23,42.59000015258789,42.2400016784668,42.439998626708984,42.40999984741211,3297600.0,35.56380844116211
2014-09-24,44.189998626708984,42.0,42.38999938964844,43.880001068115234,5502800.0,36.7965087890625
2014-09-25,44.11000061035156,43.41999816894531,43.91999816894531,43.68000030517578,2977100.0,36.6287956237793
2014-09-26,44.150001525878906,43.61000061035156,43.650001525878906,44.0,2227200.0,36.897132873535156
2014-09-29,44.380001068115234,43.619998931884766,43.790000915527344,44.22999954223633,1988600.0,37.090003967285156
2014-09-30,44.4900016784668,44.08000183105469,44.20000076293945,44.20000076293945,2070500.0,37.064849853515625
2014-10-01,43.900001525878906,43.34000015258789,43.540000915527344,43.47999954223633,2496900.0,36.46107864379883
2014-10-02,43.61000061035156,43.099998474121094,43.58000183105469,43.310001373291016,1976400.0,36.31852340698242
2014-10-03,44.41999816894531,43.619998931884766,43.7599983215332,44.31999969482422,2671500.0,37.16547393798828
2014-10-06,44.68000030517578,44.29999923706055,44.5,44.68000030517578,2685300.0,37.467369079589844
2014-10-07,44.630001068115234,43.869998931884766,44.58000183105469,43.880001068115234,1948600.0,36.7965087890625
2014-10-08,44.41999816894531,43.61000061035156,43.83000183105469,44.34000015258789,2813600.0,37.182247161865234
2014-10-09,44.59000015258789,43.720001220703125,44.33000183105469,43.83000183105469,2599500.0,36.754573822021484
2014-10-10,44.18000030517578,43.38999938964844,43.900001525878906,43.40999984741211,2162600.0,36.402381896972656
2014-10-13,43.959999084472656,43.2400016784668,43.650001525878906,43.279998779296875,2421200.0,36.29336166381836
2014-10-14,43.970001220703125,43.41999816894531,43.41999816894531,43.540000915527344,2681500.0,36.51139831542969
2014-10-15,43.29999923706055,42.060001373291016,43.0099983215332,43.04999923706055,3774400.0,36.100486755371094
2014-10-16,43.290000915527344,42.31999969482422,42.5099983215332,43.09000015258789,2411800.0,36.134037017822266
2014-10-17,43.869998931884766,43.099998474121094,43.41999816894531,43.5,2111800.0,36.47784423828125
2014-10-20,43.77000045776367,43.33000183105469,43.400001525878906,43.75,1756900.0,36.68749237060547
2014-10-21,44.75,43.61000061035156,43.90999984741211,44.68000030517578,2201900.0,37.467369079589844
2014-10-22,45.060001373291016,44.65999984741211,44.880001068115234,44.709999084472656,2180200.0,37.492523193359375
2014-10-23,45.459999084472656,44.970001220703125,45.25,45.0099983215332,1930000.0,37.74409866333008
2014-10-24,45.560001373291016,45.0099983215332,45.209999084472656,45.4900016784668,1285100.0,38.14661407470703
2014-10-27,45.939998626708984,45.34000015258789,45.5099983215332,45.77000045776367,1521000.0,38.38140869140625
2014-10-28,46.15999984741211,45.720001220703125,46.0,46.0,2542900.0,38.57427978515625
2014-10-29,46.220001220703125,45.560001373291016,46.029998779296875,46.0,1618200.0,38.57427978515625
2014-10-30,46.33000183105469,45.439998626708984,45.470001220703125,46.150001525878906,2420900.0,39.02242660522461
2014-10-31,46.9900016784668,46.58000183105469,46.93000030517578,46.939998626708984,3234600.0,39.69041442871094
2014-11-03,47.31999969482422,46.880001068115234,46.880001068115234,47.060001373291016,2257300.0,39.79188919067383
2014-11-04,47.619998931884766,47.02000045776367,47.15999984741211,47.25,3440200.0,39.95254135131836
2014-11-05,47.88999938964844,47.380001068115234,47.56999969482422,47.77000045776367,2679200.0,40.39221954345703
2014-11-06,48.20000076293945,47.529998779296875,47.790000915527344,47.56999969482422,3087500.0,40.22311782836914
2014-11-07,47.650001525878906,47.130001068115234,47.529998779296875,47.33000183105469,3491600.0,40.020179748535156
2014-11-10,47.58000183105469,47.27000045776367,47.459999084472656,47.5,1721500.0,40.16393280029297
2014-11-11,47.52000045776367,47.02000045776367,47.400001525878906,47.279998779296875,1358900.0,39.977909088134766
2014-11-12,47.540000915527344,47.04999923706055,47.209999084472656,47.4900016784668,1450400.0,40.15547180175781
2014-11-13,47.77000045776367,47.33000183105469,47.650001525878906,47.43000030517578,1898000.0,40.104736328125
2014-11-14,47.5,46.90999984741211,47.5,47.22999954223633,1139400.0,39.935630798339844
2014-11-17,47.349998474121094,47.08000183105469,47.15999984741211,47.22999954223633,1423800.0,39.935630798339844
2014-11-18,47.65999984741211,47.25,47.29999923706055,47.4900016784668,1931400.0,40.15547180175781
2014-11-19,47.5,47.0,47.4900016784668,47.36000061035156,2110500.0,40.04554748535156
2014-11-20,47.47999954223633,47.060001373291016,47.36000061035156,47.33000183105469,1293200.0,40.020179748535156
2014-11-21,47.599998474121094,47.220001220703125,47.59000015258789,47.31999969482422,2772000.0,40.01172637939453
2014-11-24,47.59000015258789,47.34000015258789,47.54999923706055,47.43000030517578,1987000.0,40.104736328125
2014-11-25,47.65999984741211,47.189998626708984,47.5,47.38999938964844,2362100.0,40.07090377807617
2014-11-26,47.47999954223633,47.2400016784668,47.41999816894531,47.349998474121094,1788200.0,40.03708267211914
2014-11-28,47.75,46.75,46.75,47.40999984741211,2162100.0,40.087825775146484
2014-12-01,47.529998779296875,47.11000061035156,47.38999938964844,47.29999923706055,2974500.0,39.994815826416016
2014-12-02,47.68000030517578,47.290000915527344,47.5,47.40999984741211,2831200.0,40.087825775146484
2014-12-03,47.4900016784668,47.25,47.470001220703125,47.380001068115234,2155600.0,40.06245422363281
2014-12-04,47.630001068115234,47.189998626708984,47.29999923706055,47.33000183105469,2228700.0,40.020179748535156
2014-12-05,47.5099983215332,47.279998779296875,47.36000061035156,47.400001525878906,2813500.0,40.079368591308594
2014-12-08,47.47999954223633,46.95000076293945,47.400001525878906,47.11000061035156,2648500.0,39.83415603637695
2014-12-09,46.95000076293945,46.25,46.689998626708984,46.709999084472656,3629700.0,39.49592590332031
2014-12-10,47.04999923706055,46.4900016784668,46.650001525878906,46.61000061035156,2465600.0,39.41139221191406
2014-12-11,47.459999084472656,46.720001220703125,46.86000061035156,46.869998931884766,2738600.0,39.63121795654297
2014-12-12,46.779998779296875,46.099998474121094,46.61000061035156,46.099998474121094,3057500.0,38.98014831542969
2014-12-15,46.7599983215332,46.099998474121094,46.189998626708984,46.5099983215332,3648500.0,39.32682800292969
2014-12-16,47.22999954223633,46.380001068115234,46.75,46.43000030517578,2824600.0,39.25917434692383
2014-12-17,47.310001373291016,46.20000076293945,46.56999969482422,47.18000030517578,2794000.0,39.893341064453125
2014-12-18,47.75,47.130001068115234,47.400001525878906,47.75,4181800.0,40.37531280517578
2014-12-19,47.68000030517578,46.11000061035156,47.27000045776367,46.29999923706055,6761100.0,39.14924621582031
2014-12-22,47.06999969482422,46.22999954223633,46.5,47.029998779296875,3182200.0,39.766510009765625
2014-12-23,47.59000015258789,47.09000015258789,47.25,47.369998931884766,1695100.0,40.05399703979492
2014-12-24,47.439998626708984,47.04999923706055,47.38999938964844,47.060001373291016,660600.0,39.79188919067383
2014-12-26,47.529998779296875,47.15999984741211,47.279998779296875,47.189998626708984,813000.0,39.901790618896484
2014-12-29,47.189998626708984,47.0099983215332,47.029998779296875,47.04999923706055,1006300.0,39.78342819213867
2014-12-30,47.22999954223633,46.650001525878906,46.75,46.86000061035156,1654800.0,39.622764587402344
2014-12-31,46.880001068115234,46.15999984741211,46.630001068115234,46.16999816894531,1902200.0,39.039329528808594
2015-01-02,46.7599983215332,45.81999969482422,46.36000061035156,46.2400016784668,1998000.0,39.0985221862793
2015-01-05,46.939998626708984,46.029998779296875,46.40999984741211,46.31999969482422,4599100.0,39.16616439819336
2015-01-06,46.630001068115234,45.75,46.310001373291016,45.9900016784668,3249100.0,38.88713455200195
2015-01-07,46.869998931884766,46.0,46.43000030517578,46.83000183105469,2262300.0,39.597412109375
2015-01-08,47.619998931884766,46.880001068115234,47.119998931884766,47.560001373291016,1826500.0,40.21466064453125
2015-01-09,47.54999923706055,46.93000030517578,47.2400016784668,47.13999938964844,1942100.0,39.859519958496094
2015-01-12,47.439998626708984,45.06999969482422,47.2599983215332,47.08000183105469,1992500.0,39.80879211425781
2015-01-13,48.04999923706055,46.7400016784668,47.5,47.08000183105469,2104800.0,39.80879211425781
2015-01-14,47.16999816894531,46.400001525878906,46.72999954223633,47.13999938964844,2452500.0,39.859519958496094
2015-01-15,47.400001525878906,46.810001373291016,47.130001068115234,47.08000183105469,2277100.0,39.80879211425781
2015-01-16,47.33000183105469,46.86000061035156,47.0099983215332,47.29999923706055,2511300.0,39.994815826416016
2015-01-20,47.79999923706055,47.060001373291016,47.790000915527344,47.540000915527344,1577300.0,40.19774627685547
2015-01-21,47.61000061035156,47.040000915527344,47.47999954223633,47.349998474121094,1799200.0,40.03708267211914
2015-01-22,48.040000915527344,47.02000045776367,47.5,47.959999084472656,1833000.0,40.55287551879883
2015-01-23,48.47999954223633,47.790000915527344,47.970001220703125,48.380001068115234,2061100.0,40.90801239013672
2015-01-26,48.400001525878906,47.709999084472656,48.310001373291016,48.18000030517578,1531000.0,40.7389030456543
2015-01-27,47.9900016784668,47.2599983215332,47.779998779296875,47.66999816894531,1740500.0,40.30767059326172
2015-01-28,48.060001373291016,46.810001373291016,47.95000076293945,46.880001068115234,2472000.0,39.639671325683594
2015-01-29,46.63999938964844,45.900001525878906,46.529998779296875,46.380001068115234,2919100.0,39.537384033203125
2015-01-30,46.25,45.20000076293945,46.150001525878906,45.2599983215332,3166000.0,38.582618713378906
2015-02-02,46.02000045776367,44.52000045776367,45.439998626708984,45.959999084472656,3180800.0,39.179344177246094
2015-02-03,46.90999984741211,46.130001068115234,46.43000030517578,46.90999984741211,2921200.0,39.989192962646484
2015-02-04,47.290000915527344,46.79999923706055,46.810001373291016,47.06999969482422,2252900.0,40.12558364868164
2015-02-05,47.4900016784668,46.810001373291016,47.16999816894531,47.4900016784668,2387800.0,40.483612060546875
2015-02-06,48.04999923706055,47.5,47.540000915527344,47.72999954223633,2277500.0,40.6882209777832
2015-02-09,47.869998931884766,47.2599983215332,47.650001525878906,47.439998626708984,1966900.0,40.44100570678711
2015-02-10,48.0,47.380001068115234,47.4900016784668,47.93000030517578,1426100.0,40.858707427978516
2015-02-11,48.2400016784668,47.83000183105469,47.91999816894531,48.15999984741211,1088300.0,41.05476760864258
2015-02-12,48.43000030517578,48.09000015258789,48.20000076293945,48.40999984741211,1306800.0,41.267887115478516
2015-02-13,48.84000015258789,48.27000045776367,48.459999084472656,48.7599983215332,1260400.0,41.56625747680664
2015-02-17,48.84000015258789,48.189998626708984,48.7599983215332,48.7599983215332,2100500.0,41.56625747680664
2015-02-18,48.9900016784668,48.61000061035156,48.83000183105469,48.959999084472656,1341100.0,41.73674392700195
2015-02-19,49.22999954223633,48.65999984741211,48.88999938964844,49.22999954223633,1135700.0,41.96691131591797
2015-02-20,49.630001068115234,48.959999084472656,49.150001525878906,49.560001373291016,2146500.0,42.24821853637695
2015-02-23,49.689998626708984,49.310001373291016,49.63999938964844,49.529998779296875,1140800.0,42.22264862060547
2015-02-24,49.970001220703125,49.22999954223633,49.529998779296875,49.970001220703125,2023400.0,42.59773254394531
2015-02-25,50.189998626708984,49.7599983215332,50.0,49.91999816894531,1744700.0,42.555110931396484
2015-02-26,49.970001220703125,49.619998931884766,49.91999816894531,49.939998626708984,1822200.0,42.57216262817383
2015-02-27,50.02000045776367,49.68000030517578,50.0,49.84000015258789,2040000.0,42.48692321777344
2015-03-02,50.40999984741211,49.79999923706055,49.959999084472656,50.400001525878906,1342100.0,42.96429443359375
2015-03-03,50.400001525878906,48.86000061035156,50.0099983215332,49.33000183105469,4770800.0,42.05215072631836
2015-03-04,49.310001373291016,48.68000030517578,49.20000076293945,48.790000915527344,2123800.0,41.591827392578125
2015-03-05,49.189998626708984,48.63999938964844,48.75,49.18000030517578,1766100.0,41.924285888671875
2015-03-06,49.2599983215332,48.08000183105469,48.97999954223633,48.95000076293945,2084500.0,41.72822952270508
2015-03-09,49.400001525878906,48.93000030517578,48.959999084472656,49.279998779296875,1476700.0,42.00953674316406
2015-03-10,49.310001373291016,48.560001373291016,48.83000183105469,49.0,2671100.0,41.770851135253906
2015-03-11,49.16999816894531,48.810001373291016,49.0099983215332,48.9900016784668,2113200.0,41.76231384277344
2015-03-12,50.279998779296875,49.20000076293945,49.25,50.2599983215332,2370600.0,42.84494400024414
2015-03-13,50.2400016784668,49.470001220703125,50.06999969482422,49.91999816894531,1815900.0,42.555110931396484
2015-03-16,51.04999923706055,50.08000183105469,50.27000045776367,51.0099983215332,1959900.0,43.48429870605469
2015-03-17,51.040000915527344,50.65999984741211,50.81999969482422,51.0099983215332,1558500.0,43.48429870605469
2015-03-18,51.58000183105469,50.369998931884766,51.0,51.29999923706055,2413900.0,43.73151397705078
2015-03-19,51.5,51.02000045776367,51.34000015258789,51.2400016784668,1258500.0,43.68037033081055
2015-03-20,51.70000076293945,51.310001373291016,51.599998474121094,51.619998931884766,2278300.0,44.004310607910156
2015-03-23,51.720001220703125,51.2599983215332,51.65999984741211,51.2599983215332,1717300.0,43.69742202758789
2015-03-24,51.52000045776367,51.099998474121094,51.310001373291016,51.29999923706055,2528100.0,43.73151397705078
2015-03-25,50.95000076293945,49.18000030517578,50.810001373291016,49.20000076293945,3855600.0,41.941341400146484
2015-03-26,49.33000183105469,48.54999923706055,48.88999938964844,49.0099983215332,2489300.0,41.77936935424805
2015-03-27,49.650001525878906,48.75,48.880001068115234,49.54999923706055,2184800.0,42.23970413208008
2015-03-30,50.130001068115234,49.66999816894531,49.720001220703125,50.0099983215332,1352500.0,42.6318359375
2015-03-31,50.060001373291016,49.61000061035156,49.90999984741211,49.619998931884766,1798900.0,42.29936981201172
2015-04-01,49.54999923706055,48.689998626708984,49.220001220703125,49.5,2334600.0,42.197078704833984
2015-04-02,49.810001373291016,49.11000061035156,49.810001373291016,49.25,1808800.0,41.98396301269531
2015-04-06,49.66999816894531,49.09000015258789,49.59000015258789,49.209999084472656,2222700.0,41.94986343383789
2015-04-07,49.400001525878906,49.130001068115234,49.18000030517578,49.13999938964844,1914800.0,41.890193939208984
2015-04-08,49.54999923706055,48.91999816894531,49.130001068115234,49.34000015258789,2127800.0,42.06068420410156
2015-04-09,49.470001220703125,48.790000915527344,49.40999984741211,49.38999938964844,1141700.0,42.103302001953125
2015-04-10,49.61000061035156,49.209999084472656,49.599998474121094,49.279998779296875,1374600.0,42.00953674316406
2015-04-13,49.58000183105469,49.0099983215332,49.380001068115234,49.060001373291016,1217700.0,41.821990966796875
2015-04-14,49.18000030517578,48.72999954223633,48.7400016784668,48.900001525878906,929100.0,41.68559646606445
2015-04-15,49.16999816894531,48.79999923706055,48.959999084472656,48.97999954223633,1101700.0,41.75379180908203
2015-04-16,49.189998626708984,48.61000061035156,48.79999923706055,49.040000915527344,1198800.0,41.80495071411133
2015-04-17,48.9900016784668,48.0,48.720001220703125,48.279998779296875,2139100.0,41.15707015991211
2015-04-20,49.06999969482422,48.33000183105469,48.529998779296875,48.97999954223633,1397700.0,41.75379180908203
2015-04-21,49.79999923706055,49.029998779296875,49.75,49.060001373291016,1509400.0,41.821990966796875
2015-04-22,49.43000030517578,48.790000915527344,49.25,49.279998779296875,1246900.0,42.00953674316406
2015-04-23,49.709999084472656,49.0099983215332,49.099998474121094,49.52000045776367,1105400.0,42.214134216308594
2015-04-24,49.5099983215332,48.58000183105469,49.5099983215332,49.22999954223633,1320900.0,41.96691131591797
2015-04-27,49.380001068115234,48.900001525878906,49.34000015258789,49.279998779296875,1673200.0,42.00953674316406
2015-04-28,49.33000183105469,48.779998779296875,49.13999938964844,49.27000045776367,1302100.0,42.001014709472656
2015-04-29,49.119998931884766,48.630001068115234,48.97999954223633,48.84000015258789,1376300.0,41.63445281982422
2015-04-30,48.95000076293945,48.189998626708984,48.65999984741211,48.38999938964844,1728500.0,41.2508430480957
2015-05-01,48.9900016784668,48.43000030517578,48.5099983215332,48.849998474121094,1837200.0,41.64297103881836
2015-05-04,49.540000915527344,48.869998931884766,48.95000076293945,49.38999938964844,3355100.0,42.103302001953125
2015-05-05,49.349998474121094,48.65999984741211,49.349998474121094,49.09000015258789,2230100.0,41.847572326660156
2015-05-06,49.31999969482422,48.619998931884766,49.08000183105469,49.0,2037500.0,41.770851135253906
2015-05-07,49.040000915527344,48.439998626708984,48.599998474121094,48.79999923706055,1580500.0,41.92548370361328
2015-05-08,49.560001373291016,49.029998779296875,49.150001525878906,49.130001068115234,1454100.0,42.209007263183594
2015-05-11,49.36000061035156,48.90999984741211,49.0,49.06999969482422,1605500.0,42.15745544433594
2015-05-12,49.290000915527344,48.540000915527344,48.95000076293945,49.0099983215332,1823400.0,42.10590362548828
2015-05-13,49.459999084472656,48.880001068115234,49.150001525878906,48.970001220703125,1114800.0,42.0715446472168
2015-05-14,49.959999084472656,49.22999954223633,49.2599983215332,49.93000030517578,1550600.0,42.896305084228516
2015-05-15,50.189998626708984,49.61000061035156,50.09000015258789,49.790000915527344,1235200.0,42.776023864746094
2015-05-18,50.2599983215332,49.65999984741211,49.65999984741211,50.119998931884766,1620100.0,43.05954360961914
2015-05-19,50.41999816894531,49.869998931884766,50.119998931884766,50.33000183105469,1119100.0,43.239959716796875
2015-05-20,50.68000030517578,50.150001525878906,50.369998931884766,50.279998779296875,1167000.0,43.19700241088867
2015-05-21,50.400001525878906,50.119998931884766,50.349998474121094,50.2599983215332,1010700.0,43.179813385009766
2015-05-22,50.380001068115234,49.84000015258789,50.25,49.86000061035156,1351600.0,42.83616638183594
2015-05-26,49.849998474121094,49.040000915527344,49.709999084472656,49.310001373291016,1402600.0,42.363651275634766
2015-05-27,49.849998474121094,49.209999084472656,49.220001220703125,49.720001220703125,1317600.0,42.71588897705078
2015-05-28,49.790000915527344,49.40999984741211,49.65999984741211,49.58000183105469,1121900.0,42.595619201660156
2015-05-29,49.58000183105469,49.040000915527344,49.40999984741211,49.40999984741211,2042600.0,42.44955825805664
2015-06-01,49.790000915527344,49.09000015258789,49.58000183105469,49.40999984741211,1258900.0,42.44955825805664
2015-06-02,49.470001220703125,48.79999923706055,49.209999084472656,49.15999984741211,3412100.0,42.23477554321289
2015-06-03,49.31999969482422,48.849998474121094,49.189998626708984,49.0,2851900.0,42.097312927246094
2015-06-04,49.13999938964844,48.189998626708984,48.97999954223633,48.189998626708984,2149600.0,41.40140914916992
2015-06-05,48.61000061035156,48.040000915527344,48.16999816894531,48.43000030517578,2454400.0,41.607608795166016
2015-06-08,48.5,48.02000045776367,48.310001373291016,48.060001373291016,1206600.0,41.28974151611328
2015-06-09,48.09000015258789,47.650001525878906,48.08000183105469,47.689998626708984,1965500.0,40.97185516357422
2015-06-10,48.36000061035156,47.790000915527344,47.869998931884766,48.099998474121094,1816800.0,41.324092864990234
2015-06-11,48.43000030517578,47.790000915527344,48.09000015258789,48.25,2313700.0,41.452964782714844
2015-06-12,48.25,47.88999938964844,47.939998626708984,48.0,1587200.0,41.23818588256836
2015-06-15,47.790000915527344,47.18000030517578,47.7400016784668,47.4900016784668,1701100.0,40.80002212524414
2015-06-16,47.88999938964844,47.13999938964844,47.27000045776367,47.709999084472656,1062200.0,40.989044189453125
2015-06-17,48.029998779296875,47.61000061035156,47.900001525878906,47.79999923706055,996600.0,41.06635665893555
2015-06-18,48.40999984741211,47.88999938964844,47.88999938964844,48.2400016784668,1802400.0,41.44438171386719
2015-06-19,48.36000061035156,48.0,48.25,48.099998474121094,2446000.0,41.324092864990234
2015-06-22,49.060001373291016,48.310001373291016,48.349998474121094,48.790000915527344,1814100.0,41.916893005371094
2015-06-23,48.869998931884766,48.599998474121094,48.83000183105469,48.79999923706055,1240800.0,41.92548370361328
2015-06-24,48.75,48.08000183105469,48.63999938964844,48.150001525878906,1346600.0,41.36705780029297
2015-06-25,48.40999984741211,48.029998779296875,48.189998626708984,48.22999954223633,1744000.0,41.435787200927734
2015-06-26,48.5099983215332,47.790000915527344,48.34000015258789,47.9900016784668,1675200.0,41.22959518432617
2015-06-29,47.7599983215332,46.75,47.54999923706055,46.79999923706055,2111300.0,40.20722579956055
2015-06-30,47.470001220703125,46.52000045776367,47.099998474121094,46.880001068115234,3013300.0,40.27595901489258
2015-07-01,47.83000183105469,44.380001068115234,46.0,47.310001373291016,4253200.0,40.64539337158203
2015-07-02,48.189998626708984,47.279998779296875,47.79999923706055,47.650001525878906,3003500.0,40.93749237060547
2015-07-06,48.25,47.38999938964844,47.4900016784668,48.16999816894531,3088400.0,41.38424301147461
2015-07-07,48.45000076293945,47.279998779296875,48.25,48.0099983215332,2936700.0,41.24677658081055
2015-07-08,47.90999984741211,47.290000915527344,47.65999984741211,47.31999969482422,2079400.0,40.65398025512695
2015-07-09,48.130001068115234,47.33000183105469,47.81999969482422,47.43000030517578,1922000.0,40.74848175048828
2015-07-10,48.11000061035156,47.56999969482422,47.95000076293945,47.779998779296875,1371800.0,41.04917907714844
2015-07-13,48.439998626708984,47.970001220703125,47.970001220703125,48.38999938964844,1553900.0,41.5732421875
2015-07-14,48.38999938964844,48.02000045776367,48.369998931884766,48.16999816894531,1271500.0,41.38424301147461
2015-07-15,48.369998931884766,47.68000030517578,48.22999954223633,47.7599983215332,2484600.0,41.0319938659668
2015-07-16,47.95000076293945,47.349998474121094,47.68000030517578,47.90999984741211,2797700.0,41.16086196899414
2015-07-17,47.81999969482422,47.2400016784668,47.81999969482422,47.45000076293945,2456000.0,40.765663146972656
2015-07-20,47.630001068115234,47.13999938964844,47.61000061035156,47.29999923706055,2103200.0,40.63679885864258
2015-07-21,47.380001068115234,47.040000915527344,47.279998779296875,47.27000045776367,1677000.0,40.611019134521484
2015-07-22,47.54999923706055,47.18000030517578,47.2400016784668,47.27000045776367,1234500.0,40.611019134521484
2015-07-23,47.25,46.59000015258789,47.22999954223633,46.650001525878906,1636500.0,40.07836151123047
2015-07-24,46.81999969482422,46.029998779296875,46.529998779296875,46.11000061035156,2246600.0,39.61442947387695
2015-07-27,46.47999954223633,45.34000015258789,46.0,46.279998779296875,2188800.0,39.76048278808594
2015-07-28,46.630001068115234,46.15999984741211,46.47999954223633,46.61000061035156,1439400.0,40.044002532958984
2015-07-29,46.880001068115234,46.279998779296875,46.54999923706055,46.709999084472656,2281900.0,40.129905700683594
2015-07-30,46.56999969482422,45.709999084472656,46.22999954223633,46.22999954223633,2654000.0,40.07788848876953
2015-07-31,46.5099983215332,46.130001068115234,46.45000076293945,46.400001525878906,1961600.0,40.225276947021484
2015-08-03,47.70000076293945,45.939998626708984,46.15999984741211,47.52000045776367,4018800.0,41.196224212646484
2015-08-04,48.400001525878906,46.29999923706055,47.63999938964844,47.689998626708984,3880400.0,41.343605041503906
2015-08-05,48.65999984741211,47.849998474121094,48.0,48.27000045776367,2691700.0,41.84642791748047
2015-08-06,48.5,47.36000061035156,48.5,47.560001373291016,2189200.0,41.230899810791016
2015-08-07,47.68000030517578,47.220001220703125,47.29999923706055,47.619998931884766,1774400.0,41.28291702270508
2015-08-10,48.36000061035156,47.869998931884766,47.869998931884766,48.099998474121094,1388700.0,41.69903564453125
2015-08-11,48.279998779296875,47.560001373291016,47.83000183105469,47.880001068115234,2145900.0,41.50831985473633
2015-08-12,47.970001220703125,47.20000076293945,47.29999923706055,47.810001373291016,1930700.0,41.4476432800293
2015-08-13,48.33000183105469,47.630001068115234,47.779998779296875,48.130001068115234,1807100.0,41.72504425048828
2015-08-14,48.38999938964844,48.0,48.27000045776367,48.29999923706055,1259300.0,41.8724250793457
2015-08-17,48.40999984741211,47.7400016784668,48.130001068115234,48.369998931884766,1609300.0,41.933109283447266
2015-08-18,48.630001068115234,48.220001220703125,48.22999954223633,48.45000076293945,1079300.0,42.00246810913086
2015-08-19,48.45000076293945,47.66999816894531,48.150001525878906,48.0099983215332,1519800.0,41.62101745605469
2015-08-20,47.970001220703125,47.27000045776367,47.720001220703125,47.29999923706055,1545600.0,41.00550842285156
2015-08-21,47.22999954223633,45.68000030517578,47.0,45.689998626708984,2869900.0,39.60976028442383
2015-08-24,43.9900016784668,41.59000015258789,43.099998474121094,43.9900016784668,5152100.0,38.135986328125
2015-08-25,44.95000076293945,42.91999816894531,44.95000076293945,42.91999816894531,5178800.0,37.20836639404297
2015-08-26,44.65999984741211,43.189998626708984,43.97999954223633,44.619998931884766,3443700.0,38.68214416503906
2015-08-27,45.5099983215332,44.5,45.040000915527344,45.25,2642000.0,39.228309631347656
2015-08-28,45.369998931884766,44.70000076293945,44.95000076293945,44.95000076293945,2621800.0,38.968238830566406
2015-08-31,45.060001373291016,44.59000015258789,44.79999923706055,44.65999984741211,2209500.0,38.716827392578125
2015-09-01,44.27000045776367,43.189998626708984,43.810001373291016,43.459999084472656,2863900.0,37.676513671875
2015-09-02,44.4900016784668,43.720001220703125,44.220001220703125,44.4900016784668,2000400.0,38.569454193115234
2015-09-03,45.0099983215332,44.529998779296875,44.560001373291016,44.70000076293945,1501200.0,38.751502990722656
2015-09-04,44.54999923706055,43.83000183105469,43.83000183105469,44.310001373291016,1659000.0,38.41340637207031
2015-09-08,45.599998474121094,44.5,45.029998779296875,45.58000183105469,1866600.0,39.5143928527832
2015-09-09,45.97999954223633,45.22999954223633,45.939998626708984,45.34000015258789,2292900.0,39.306331634521484
2015-09-10,45.790000915527344,45.130001068115234,45.209999084472656,45.29999923706055,2434900.0,39.27165603637695
2015-09-11,45.72999954223633,45.029998779296875,45.15999984741211,45.709999084472656,1567100.0,39.62709426879883
2015-09-14,45.720001220703125,45.22999954223633,45.70000076293945,45.310001373291016,1566900.0,39.28032302856445
2015-09-15,46.15999984741211,45.279998779296875,45.47999954223633,45.970001220703125,1972000.0,39.85250473022461
2015-09-16,46.52000045776367,45.720001220703125,45.880001068115234,46.279998779296875,1627400.0,40.121238708496094
2015-09-17,47.04999923706055,46.06999969482422,46.189998626708984,46.689998626708984,3175000.0,40.47667694091797
2015-09-18,47.060001373291016,46.029998779296875,46.13999938964844,46.529998779296875,4849700.0,40.33796310424805
2015-09-21,47.08000183105469,46.43000030517578,46.70000076293945,46.650001525878906,1969500.0,40.44200134277344
2015-09-22,46.38999938964844,45.709999084472656,46.029998779296875,46.029998779296875,2027300.0,39.90451431274414
2015-09-23,46.61000061035156,45.9900016784668,46.040000915527344,46.38999938964844,1501900.0,40.21660232543945
2015-09-24,46.540000915527344,45.779998779296875,46.09000015258789,46.34000015258789,1994500.0,40.17325973510742
2015-09-25,47.09000015258789,46.400001525878906,46.810001373291016,46.689998626708984,2796900.0,40.47667694091797
2015-09-28,46.790000915527344,45.689998626708984,46.68000030517578,45.7599983215332,2615500.0,39.67043685913086
2015-09-29,46.06999969482422,45.54999923706055,45.66999816894531,46.0099983215332,2906300.0,39.88717269897461
2015-09-30,47.709999084472656,46.22999954223633,46.599998474121094,47.630001068115234,4411100.0,41.29158401489258
2015-10-01,48.189998626708984,47.38999938964844,47.439998626708984,48.13999938964844,4031500.0,41.73371505737305
2015-10-02,47.849998474121094,46.38999938964844,47.380001068115234,47.77000045776367,6231500.0,41.41295623779297
2015-10-05,48.77000045776367,47.900001525878906,48.38999938964844,48.68000030517578,3138700.0,42.201866149902344
2015-10-06,49.11000061035156,48.400001525878906,48.900001525878906,48.529998779296875,3350900.0,42.07182693481445
2015-10-07,49.470001220703125,48.779998779296875,48.880001068115234,49.470001220703125,2485200.0,42.8867301940918
2015-10-08,50.060001373291016,49.290000915527344,49.380001068115234,49.959999084472656,2123200.0,43.3115234375
2015-10-09,50.29999923706055,49.95000076293945,50.04999923706055,50.060001373291016,3197900.0,43.39821243286133
2015-10-12,50.439998626708984,49.91999816894531,50.13999938964844,50.310001373291016,1496200.0,43.61494445800781
2015-10-13,50.20000076293945,49.630001068115234,50.11000061035156,49.779998779296875,2248700.0,43.15547180175781
2015-10-14,50.0,49.439998626708984,49.900001525878906,49.540000915527344,1479100.0,42.947418212890625
2015-10-15,49.869998931884766,49.06999969482422,49.06999969482422,49.869998931884766,1799600.0,43.23350143432617
2015-10-16,50.34000015258789,49.560001373291016,49.93000030517578,50.22999954223633,1862400.0,43.54558563232422
2015-10-19,50.720001220703125,50.0099983215332,50.2400016784668,50.459999084472656,1932300.0,43.74497604370117
2015-10-20,50.709999084472656,50.0099983215332,50.2599983215332,50.40999984741211,1600100.0,43.70164108276367
2015-10-21,50.939998626708984,50.16999816894531,50.66999816894531,50.310001373291016,1833700.0,43.61494445800781
2015-10-22,51.790000915527344,50.52000045776367,50.529998779296875,51.599998474121094,3620900.0,44.73326873779297
2015-10-23,51.95000076293945,51.40999984741211,51.91999816894531,51.790000915527344,2424600.0,44.89800262451172
2015-10-26,52.209999084472656,51.650001525878906,51.939998626708984,52.150001525878906,2247800.0,45.2100830078125
2015-10-27,52.150001525878906,51.65999984741211,51.959999084472656,52.09000015258789,2272800.0,45.15806198120117
2015-10-28,52.380001068115234,51.599998474121094,52.15999984741211,52.2400016784668,2604600.0,45.288108825683594
2015-10-29,51.810001373291016,51.439998626708984,51.56999969482422,51.7599983215332,1551700.0,45.23567199707031
2015-10-30,52.060001373291016,51.470001220703125,51.779998779296875,51.58000183105469,2248400.0,45.0783576965332
2015-11-02,51.970001220703125,51.560001373291016,51.709999084472656,51.90999984741211,1250700.0,45.366764068603516
2015-11-03,51.970001220703125,51.470001220703125,51.70000076293945,51.7400016784668,2065200.0,45.21819305419922
2015-11-04,52.0,51.599998474121094,51.75,51.81999969482422,1537100.0,45.288116455078125
2015-11-05,52.72999954223633,51.7599983215332,51.88999938964844,52.540000915527344,2885600.0,45.9173469543457
2015-11-06,52.970001220703125,52.2400016784668,52.40999984741211,52.79999923706055,2424200.0,46.14458084106445
2015-11-09,52.83000183105469,52.060001373291016,52.459999084472656,52.72999954223633,2085500.0,46.083404541015625
2015-11-10,53.13999938964844,52.65999984741211,52.72999954223633,53.11000061035156,1760000.0,46.41550064086914
2015-11-11,53.59000015258789,53.11000061035156,53.119998931884766,53.16999816894531,1791200.0,46.46794128417969
2015-11-12,53.380001068115234,52.83000183105469,53.08000183105469,52.849998474121094,2004600.0,46.18828201293945
2015-11-13,53.099998474121094,52.27000045776367,52.83000183105469,52.36000061035156,2351800.0,45.760040283203125
2015-11-16,53.400001525878906,52.40999984741211,52.40999984741211,53.36000061035156,2270500.0,46.63399124145508
2015-11-17,53.459999084472656,52.599998474121094,53.189998626708984,53.33000183105469,2205600.0,46.60778045654297
2015-11-18,53.959999084472656,53.04999923706055,53.33000183105469,53.93000030517578,2027100.0,47.132144927978516
2015-11-19,54.209999084472656,53.79999923706055,53.95000076293945,54.04999923706055,2103700.0,47.23701477050781
2015-11-20,54.540000915527344,54.130001068115234,54.45000076293945,54.439998626708984,2333600.0,47.57786178588867
2015-11-23,54.52000045776367,54.040000915527344,54.439998626708984,54.310001373291016,1549600.0,47.46424865722656
2015-11-24,54.33000183105469,53.470001220703125,54.11000061035156,54.18000030517578,2043600.0,47.35062789916992
2015-11-25,54.47999954223633,54.08000183105469,54.25,54.400001525878906,1378900.0,47.542903900146484
2015-11-27,54.439998626708984,54.02000045776367,54.31999969482422,54.060001373291016,937600.0,47.24576187133789
2015-11-30,54.400001525878906,53.97999954223633,54.150001525878906,54.25,2269000.0,47.411808013916016
2015-12-01,54.779998779296875,53.88999938964844,54.2400016784668,54.150001525878906,2095900.0,47.32442092895508
2015-12-02,54.38999938964844,53.7599983215332,53.90999984741211,53.90999984741211,2699300.0,47.11467361450195
2015-12-03,53.9900016784668,52.5,53.970001220703125,52.650001525878906,3371200.0,46.013492584228516
2015-12-04,53.77000045776367,52.7400016784668,52.900001525878906,53.709999084472656,2501400.0,46.93986511230469
2015-12-07,53.810001373291016,53.16999816894531,53.61000061035156,53.5099983215332,1295900.0,46.76508331298828
2015-12-08,53.630001068115234,52.970001220703125,53.209999084472656,53.47999954223633,1627400.0,46.73887252807617
2015-12-09,53.83000183105469,52.779998779296875,53.2400016784668,52.9900016784668,1832600.0,46.310638427734375
2015-12-10,53.47999954223633,52.779998779296875,53.06999969482422,53.11000061035156,1697200.0,46.41550064086914
2015-12-11,53.43000030517578,52.08000183105469,53.43000030517578,52.25,2447100.0,45.663902282714844
2015-12-14,53.0,52.279998779296875,52.5,52.779998779296875,1859000.0,46.127098083496094
2015-12-15,53.43000030517578,52.79999923706055,53.25,53.08000183105469,2550500.0,46.389286041259766
2015-12-16,54.16999816894531,53.209999084472656,53.5,54.060001373291016,2087100.0,47.24576187133789
2015-12-17,54.29999923706055,53.349998474121094,54.119998931884766,53.349998474121094,2235000.0,46.625244140625
2015-12-18,53.25,52.380001068115234,53.25,52.45000076293945,5867000.0,45.83869934082031
2015-12-21,53.0,52.119998931884766,52.88999938964844,52.599998474121094,3609500.0,45.969783782958984
2015-12-22,53.0,51.11000061035156,52.9900016784668,52.709999084472656,3861600.0,46.065921783447266
2015-12-23,54.08000183105469,52.779998779296875,52.810001373291016,53.95000076293945,2244100.0,47.149620056152344
2015-12-24,54.099998474121094,53.540000915527344,54.040000915527344,53.81999969482422,833600.0,47.03600311279297
2015-12-28,53.849998474121094,53.36000061035156,53.56999969482422,53.790000915527344,1273600.0,47.00979232788086
2015-12-29,54.540000915527344,53.93000030517578,54.0,54.2599983215332,1621900.0,47.4205436706543
2015-12-30,54.5,53.77000045776367,54.29999923706055,53.779998779296875,1346400.0,47.00105285644531
2015-12-31,53.7400016784668,52.619998931884766,53.45000076293945,52.88999938964844,1984800.0,46.22323989868164
2016-01-04,52.11000061035156,51.029998779296875,52.0,51.54999923706055,3016000.0,45.052146911621094
2016-01-05,52.02000045776367,51.25,51.880001068115234,51.5099983215332,2923000.0,45.01717758178711
2016-01-06,51.18000030517578,50.689998626708984,50.88999938964844,50.779998779296875,2524100.0,44.379188537597656
2016-01-07,49.36000061035156,47.77000045776367,48.439998626708984,48.43000030517578,7593800.0,42.325416564941406
2016-01-08,48.77000045776367,47.45000076293945,48.52000045776367,47.560001373291016,5431000.0,41.56507110595703
2016-01-11,47.91999816894531,46.93000030517578,47.66999816894531,47.41999816894531,5280700.0,41.44272994995117
2016-01-12,47.66999816894531,46.790000915527344,47.65999984741211,47.459999084472656,5207100.0,41.47768020629883
2016-01-13,47.7400016784668,46.34000015258789,47.72999954223633,46.380001068115234,3974800.0,40.533809661865234
2016-01-14,47.68000030517578,46.47999954223633,46.65999984741211,47.31999969482422,2887900.0,41.35533142089844
2016-01-15,46.810001373291016,46.060001373291016,46.06999969482422,46.70000076293945,3381700.0,40.81348419189453
2016-01-19,47.63999938964844,46.97999954223633,47.38999938964844,47.5,4061500.0,41.51264572143555
2016-01-20,47.22999954223633,45.7599983215332,46.880001068115234,46.650001525878906,4216100.0,40.76978302001953
2016-01-21,47.810001373291016,46.2400016784668,46.939998626708984,47.38999938964844,4442900.0,41.41651153564453
2016-01-22,48.84000015258789,47.86000061035156,48.189998626708984,48.189998626708984,4049800.0,42.115657806396484
2016-01-25,48.150001525878906,47.29999923706055,48.040000915527344,47.40999984741211,2094700.0,41.43398666381836
2016-01-26,48.0099983215332,47.43000030517578,47.72999954223633,47.709999084472656,1988700.0,41.69617462158203
2016-01-27,48.0099983215332,46.779998779296875,47.709999084472656,47.0099983215332,2579700.0,41.08440017700195
2016-01-28,47.189998626708984,46.20000076293945,47.189998626708984,46.43000030517578,2836100.0,40.94330978393555
2016-01-29,47.86000061035156,46.65999984741211,46.81999969482422,47.86000061035156,4151800.0,42.2043342590332
2016-02-01,48.45000076293945,47.40999984741211,47.72999954223633,48.349998474121094,3464800.0,42.63642501831055
2016-02-02,48.369998931884766,47.29999923706055,47.790000915527344,48.349998474121094,6965500.0,42.63642501831055
2016-02-03,48.66999816894531,47.400001525878906,48.47999954223633,48.099998474121094,4933900.0,42.415958404541016
2016-02-04,48.5,47.349998474121094,47.77000045776367,47.939998626708984,3019300.0,42.27487564086914
2016-02-05,48.16999816894531,46.72999954223633,47.970001220703125,47.040000915527344,3699400.0,41.481231689453125
2016-02-08,46.939998626708984,45.83000183105469,46.33000183105469,46.810001373291016,3939000.0,41.278404235839844
2016-02-09,47.130001068115234,46.349998474121094,46.380001068115234,46.65999984741211,3262000.0,41.14613723754883
2016-02-10,47.790000915527344,46.83000183105469,47.2400016784668,46.970001220703125,2650900.0,41.41950607299805
2016-02-11,48.13999938964844,46.08000183105469,46.09000015258789,47.7400016784668,5241900.0,42.0985107421875
2016-02-12,49.13999938964844,47.91999816894531,48.33000183105469,48.939998626708984,3150500.0,43.156700134277344
2016-02-16,50.06999969482422,48.630001068115234,48.630001068115234,49.9900016784668,2847200.0,44.08262252807617
2016-02-17,50.75,50.04999923706055,50.04999923706055,50.61000061035156,2492600.0,44.629364013671875
2016-02-18,51.02000045776367,50.25,50.36000061035156,50.849998474121094,2522800.0,44.840999603271484
2016-02-19,51.29999923706055,50.45000076293945,50.66999816894531,51.25,2383500.0,45.193729400634766
2016-02-22,51.939998626708984,51.349998474121094,51.560001373291016,51.91999816894531,2608200.0,45.78455352783203
2016-02-23,52.060001373291016,51.36000061035156,51.52000045776367,51.41999816894531,1722200.0,45.3436393737793
2016-02-24,51.66999816894531,50.65999984741211,51.0,51.630001068115234,1601300.0,45.52882766723633
2016-02-25,52.15999984741211,51.38999938964844,51.70000076293945,52.13999938964844,1413000.0,45.97856140136719
2016-02-26,52.5,51.560001373291016,52.4900016784668,51.68000030517578,1667400.0,45.57291793823242
2016-02-29,52.08000183105469,51.369998931884766,51.63999938964844,51.38999938964844,2110200.0,45.31718444824219
2016-03-01,52.61000061035156,51.65999984741211,51.900001525878906,52.61000061035156,1975500.0,46.39301300048828
2016-03-02,52.470001220703125,51.93000030517578,52.40999984741211,52.209999084472656,2313300.0,46.040279388427734
2016-03-03,52.47999954223633,51.81999969482422,52.150001525878906,52.45000076293945,2068100.0,46.25192642211914
2016-03-04,52.79999923706055,52.02000045776367,52.529998779296875,52.58000183105469,1557800.0,46.36656188964844
2016-03-07,52.810001373291016,52.0,52.25,52.59000015258789,1712300.0,46.37537384033203
2016-03-08,52.47999954223633,51.849998474121094,51.900001525878906,52.040000915527344,1431900.0,45.89036560058594
2016-03-09,52.380001068115234,51.95000076293945,52.310001373291016,52.119998931884766,1434100.0,45.96092224121094
2016-03-10,52.7400016784668,51.43000030517578,52.290000915527344,51.869998931884766,1550400.0,45.74046325683594
2016-03-11,53.060001373291016,52.0,52.47999954223633,52.95000076293945,1792700.0,46.692840576171875
2016-03-14,53.11000061035156,52.540000915527344,52.70000076293945,53.0099983215332,1309400.0,46.74574661254883
2016-03-15,53.209999084472656,52.400001525878906,52.61000061035156,53.130001068115234,1320200.0,46.8515739440918
2016-03-16,53.380001068115234,52.7599983215332,52.779998779296875,53.29999923706055,1099900.0,47.00148010253906
2016-03-17,54.45000076293945,53.0,53.29999923706055,54.22999954223633,2179500.0,47.82157897949219
2016-03-18,54.470001220703125,53.7599983215332,54.470001220703125,53.9900016784668,2473400.0,47.60993576049805
2016-03-21,54.310001373291016,53.56999969482422,53.939998626708984,54.25,1010900.0,47.83921432495117
2016-03-22,54.13999938964844,53.43000030517578,53.90999984741211,54.04999923706055,1350400.0,47.662845611572266
2016-03-23,54.2400016784668,53.83000183105469,54.06999969482422,53.95000076293945,1417400.0,47.57466506958008
2016-03-24,54.09000015258789,53.560001373291016,53.79999923706055,53.9900016784668,1415300.0,47.60993576049805
2016-03-28,54.380001068115234,53.709999084472656,54.06999969482422,54.16999816894531,1798800.0,47.76866912841797
2016-03-29,54.56999969482422,54.0,54.02000045776367,54.4900016784668,2132800.0,48.05084991455078
2016-03-30,53.650001525878906,52.31999969482422,53.599998474121094,53.290000915527344,4209300.0,46.99266052246094
2016-03-31,54.4900016784668,53.22999954223633,53.47999954223633,54.0099983215332,3154400.0,47.62757110595703
2016-04-01,54.20000076293945,53.189998626708984,53.310001373291016,54.16999816894531,2031100.0,47.76866912841797
2016-04-04,54.45000076293945,53.29999923706055,54.41999816894531,53.45000076293945,1898300.0,47.133758544921875
2016-04-05,54.5099983215332,53.04999923706055,54.5099983215332,53.11000061035156,2165700.0,46.833927154541016
2016-04-06,53.68000030517578,52.630001068115234,52.630001068115234,53.63999938964844,2041600.0,47.30129623413086
2016-04-07,53.459999084472656,52.66999816894531,53.209999084472656,52.869998931884766,2074200.0,46.622291564941406
2016-04-08,53.43000030517578,52.869998931884766,53.22999954223633,53.040000915527344,1206800.0,46.77220916748047
2016-04-11,53.56999969482422,52.599998474121094,53.25,52.68000030517578,1654800.0,46.454742431640625
2016-04-12,53.119998931884766,52.470001220703125,52.7599983215332,53.09000015258789,1992200.0,46.816307067871094
2016-04-13,53.349998474121094,52.63999938964844,53.349998474121094,53.060001373291016,2192700.0,46.78984069824219
2016-04-14,53.25,52.81999969482422,53.13999938964844,52.93000030517578,1255700.0,46.67520523071289
2016-04-15,52.970001220703125,52.4900016784668,52.790000915527344,52.869998931884766,1364700.0,46.622291564941406
2016-04-18,53.41999816894531,52.5,52.810001373291016,53.41999816894531,1106400.0,47.107303619384766
2016-04-19,53.689998626708984,53.25,53.58000183105469,53.560001373291016,2087300.0,47.230751037597656
2016-04-20,53.81999969482422,53.290000915527344,53.779998779296875,53.38999938964844,1847000.0,47.080841064453125
2016-04-21,53.40999984741211,52.209999084472656,53.290000915527344,52.290000915527344,1979500.0,46.11083221435547
2016-04-22,52.66999816894531,52.08000183105469,52.279998779296875,52.27000045776367,1652300.0,46.093196868896484
2016-04-25,52.56999969482422,52.040000915527344,52.27000045776367,52.56999969482422,2266200.0,46.35774230957031
2016-04-26,52.810001373291016,52.31999969482422,52.5,52.650001525878906,2261800.0,46.42829513549805
2016-04-27,53.2400016784668,52.5,52.66999816894531,53.119998931884766,1619000.0,46.842750549316406
2016-04-28,53.290000915527344,52.290000915527344,52.63999938964844,52.81999969482422,1993500.0,46.57819366455078
2016-04-29,52.599998474121094,51.79999923706055,52.29999923706055,52.119998931884766,2286600.0,45.96092224121094
2016-05-02,52.65999984741211,52.119998931884766,52.22999954223633,52.599998474121094,1264900.0,46.384193420410156
2016-05-03,52.650001525878906,52.11000061035156,52.279998779296875,52.400001525878906,1503500.0,46.207828521728516
2016-05-04,52.36000061035156,51.90999984741211,52.060001373291016,52.290000915527344,1369600.0,46.11083221435547
2016-05-05,52.08000183105469,51.130001068115234,51.959999084472656,51.189998626708984,2502200.0,45.50632858276367
2016-05-06,51.90999984741211,51.060001373291016,51.060001373291016,51.90999984741211,1972900.0,46.14639663696289
2016-05-09,52.209999084472656,51.77000045776367,51.97999954223633,51.9900016784668,1316700.0,46.21750259399414
2016-05-10,52.93000030517578,52.02000045776367,52.20000076293945,52.88999938964844,1638300.0,47.017578125
2016-05-11,52.84000015258789,52.099998474121094,52.84000015258789,52.209999084472656,1629200.0,46.413082122802734
2016-05-12,52.52000045776367,51.90999984741211,52.369998931884766,52.11000061035156,1891300.0,46.324188232421875
2016-05-13,52.369998931884766,51.68000030517578,52.11000061035156,51.709999084472656,1270900.0,45.968597412109375
2016-05-16,52.38999938964844,51.5099983215332,51.709999084472656,52.060001373291016,1590000.0,46.27973556518555
2016-05-17,52.130001068115234,51.290000915527344,51.97999954223633,51.470001220703125,1441700.0,45.755252838134766
2016-05-18,52.0099983215332,51.25,51.40999984741211,51.72999954223633,1405500.0,45.98637771606445
2016-05-19,51.79999923706055,51.09000015258789,51.41999816894531,51.709999084472656,1236800.0,45.968597412109375
2016-05-20,52.33000183105469,51.849998474121094,51.880001068115234,52.029998779296875,1573600.0,46.2530632019043
2016-05-23,52.18000030517578,51.709999084472656,52.09000015258789,51.72999954223633,1200700.0,45.98637771606445
2016-05-24,53.130001068115234,51.95000076293945,52.040000915527344,53.08000183105469,1886600.0,47.18648910522461
2016-05-25,53.709999084472656,53.20000076293945,53.22999954223633,53.66999816894531,1959200.0,47.71097946166992
2016-05-26,54.04999923706055,53.4900016784668,53.560001373291016,53.970001220703125,2108300.0,47.97766876220703
2016-05-27,54.33000183105469,53.849998474121094,54.06999969482422,54.33000183105469,1711900.0,48.297691345214844
2016-05-31,54.58000183105469,53.68000030517578,54.52000045776367,54.220001220703125,2442900.0,48.19990539550781
2016-06-01,54.4900016784668,53.970001220703125,54.11000061035156,54.459999084472656,1584900.0,48.41326904296875
2016-06-02,54.95000076293945,54.18000030517578,54.41999816894531,54.939998626708984,2254300.0,48.839962005615234
2016-06-03,54.81999969482422,54.20000076293945,54.650001525878906,54.709999084472656,1869500.0,48.6355094909668
2016-06-06,55.20000076293945,54.72999954223633,54.790000915527344,54.91999816894531,2177200.0,48.82219314575195
2016-06-07,55.439998626708984,54.91999816894531,54.959999084472656,55.11000061035156,2143900.0,48.99109649658203
2016-06-08,55.16999816894531,54.81999969482422,55.060001373291016,55.119998931884766,1479500.0,48.999977111816406
2016-06-09,55.33000183105469,54.869998931884766,54.97999954223633,55.209999084472656,964100.0,49.079986572265625
2016-06-10,54.900001525878906,54.20000076293945,54.349998474121094,54.560001373291016,1594900.0,48.502159118652344
2016-06-13,54.630001068115234,54.16999816894531,54.29999923706055,54.22999954223633,1773500.0,48.208797454833984
2016-06-14,54.619998931884766,54.0,54.02000045776367,54.58000183105469,1588800.0,48.519935607910156
2016-06-15,54.9900016784668,54.34000015258789,54.61000061035156,54.52000045776367,1396500.0,48.46659851074219
2016-06-16,55.0099983215332,54.119998931884766,54.369998931884766,54.900001525878906,1099700.0,48.804405212402344
2016-06-17,54.88999938964844,54.25,54.869998931884766,54.59000015258789,2229200.0,48.52882766723633
2016-06-20,55.63999938964844,55.099998474121094,55.130001068115234,55.2599983215332,1548900.0,49.12443542480469
2016-06-21,55.650001525878906,55.189998626708984,55.380001068115234,55.5099983215332,1555500.0,49.3466796875
2016-06-22,55.650001525878906,55.189998626708984,55.61000061035156,55.310001373291016,1344800.0,49.168880462646484
2016-06-23,56.29999923706055,55.599998474121094,55.650001525878906,56.290000915527344,1447400.0,50.04007339477539
2016-06-24,55.47999954223633,53.56999969482422,53.779998779296875,54.63999938964844,4584400.0,48.573272705078125
2016-06-27,54.619998931884766,53.779998779296875,54.29999923706055,54.27000045776367,3694300.0,48.244354248046875
2016-06-28,55.59000015258789,54.33000183105469,54.5099983215332,55.529998779296875,3701000.0,49.36445236206055
2016-06-29,56.27000045776367,55.720001220703125,55.84000015258789,56.13999938964844,3521100.0,49.90673065185547
2016-06-30,59.54999923706055,56.06999969482422,56.47999954223633,59.5,7536300.0,52.89366912841797
2016-07-01,59.599998474121094,58.52000045776367,59.11000061035156,59.439998626708984,4418200.0,52.84032440185547
2016-07-05,60.29999923706055,59.2599983215332,59.29999923706055,60.09000015258789,3608600.0,53.41815948486328
2016-07-06,61.0,60.189998626708984,60.9900016784668,60.84000015258789,3997700.0,54.08488464355469
2016-07-07,61.27000045776367,60.459999084472656,60.959999084472656,60.59000015258789,3855900.0,53.86264419555664
2016-07-08,61.5,60.72999954223633,61.06999969482422,61.33000183105469,2690300.0,54.52048110961914
2016-07-11,61.869998931884766,61.209999084472656,61.7400016784668,61.2400016784668,2719500.0,54.44047927856445
2016-07-12,61.689998626708984,60.91999816894531,61.400001525878906,61.0099983215332,2846600.0,54.23600387573242
2016-07-13,61.31999969482422,60.91999816894531,61.15999984741211,61.11000061035156,2003600.0,54.324913024902344
2016-07-14,61.5,60.91999816894531,61.5,61.119998931884766,1635600.0,54.33380126953125
2016-07-15,61.40999984741211,60.81999969482422,61.380001068115234,60.91999816894531,1773100.0,54.156002044677734
2016-07-18,61.130001068115234,60.650001525878906,60.790000915527344,60.7599983215332,1699000.0,54.013771057128906
2016-07-19,61.0,60.47999954223633,60.79999923706055,60.70000076293945,1578500.0,53.96043395996094
2016-07-20,60.720001220703125,60.279998779296875,60.619998931884766,60.5099983215332,2618700.0,53.79153060913086
2016-07-21,60.790000915527344,60.09000015258789,60.380001068115234,60.34000015258789,1802600.0,53.64040756225586
2016-07-22,60.939998626708984,60.290000915527344,60.66999816894531,60.7400016784668,1457600.0,53.99598693847656
2016-07-25,60.7599983215332,60.459999084472656,60.599998474121094,60.7599983215332,1424500.0,54.013771057128906
2016-07-26,61.27000045776367,60.65999984741211,60.7400016784668,61.209999084472656,2135000.0,54.41380310058594
2016-07-27,61.22999954223633,60.18000030517578,61.060001373291016,60.25,3031900.0,53.56039810180664
2016-07-28,59.720001220703125,58.93000030517578,59.68000030517578,59.20000076293945,2378200.0,53.031864166259766
2016-07-29,59.310001373291016,58.61000061035156,59.15999984741211,59.279998779296875,3474100.0,53.1035270690918
2016-08-01,59.59000015258789,58.91999816894531,59.290000915527344,59.2599983215332,1859100.0,53.08561706542969
2016-08-02,59.2599983215332,58.84000015258789,59.16999816894531,58.880001068115234,2427800.0,52.745216369628906
2016-08-03,59.150001525878906,58.2599983215332,58.77000045776367,58.5099983215332,2057400.0,52.41374969482422
2016-08-04,58.720001220703125,58.22999954223633,58.400001525878906,58.63999938964844,1757200.0,52.53021240234375
2016-08-05,59.41999816894531,58.849998474121094,59.02000045776367,59.36000061035156,1316400.0,53.175193786621094
2016-08-08,59.349998474121094,58.959999084472656,59.33000183105469,59.08000183105469,1389500.0,52.924373626708984
2016-08-09,59.619998931884766,59.099998474121094,59.18000030517578,59.45000076293945,1543100.0,53.255821228027344
2016-08-10,59.52000045776367,59.18000030517578,59.439998626708984,59.5099983215332,904600.0,53.3095703125
2016-08-11,59.93000030517578,59.40999984741211,59.4900016784668,59.900001525878906,1409600.0,53.658935546875
2016-08-12,60.08000183105469,59.66999816894531,59.66999816894531,60.029998779296875,1493300.0,53.775390625
2016-08-15,60.25,59.900001525878906,60.02000045776367,60.099998474121094,1268200.0,53.83808898925781
2016-08-16,59.970001220703125,59.290000915527344,59.7599983215332,59.290000915527344,1670100.0,53.112491607666016
2016-08-17,59.56999969482422,59.099998474121094,59.369998931884766,59.470001220703125,1735800.0,53.27373504638672
2016-08-18,59.86000061035156,59.29999923706055,59.43000030517578,59.83000183105469,1125500.0,53.596229553222656
2016-08-19,60.16999816894531,59.45000076293945,59.7400016784668,60.150001525878906,1974900.0,53.88289260864258
2016-08-22,60.40999984741211,60.0099983215332,60.189998626708984,60.380001068115234,1092700.0,54.088924407958984
2016-08-23,60.869998931884766,60.439998626708984,60.689998626708984,60.650001525878906,1171100.0,54.330787658691406
2016-08-24,60.77000045776367,60.5099983215332,60.66999816894531,60.689998626708984,988500.0,54.36662673950195
2016-08-25,60.97999954223633,60.5,60.720001220703125,60.72999954223633,1290400.0,54.40245819091797
2016-08-26,61.189998626708984,60.0099983215332,60.75,60.5,1633000.0,54.19641876220703
2016-08-29,60.81999969482422,60.560001373291016,60.68000030517578,60.650001525878906,777500.0,54.330787658691406
2016-08-30,60.779998779296875,60.5,60.70000076293945,60.7599983215332,841700.0,54.42932891845703
2016-08-31,60.79999923706055,60.400001525878906,60.61000061035156,60.66999816894531,1448100.0,54.34870147705078
2016-09-01,61.029998779296875,60.47999954223633,60.79999923706055,60.9900016784668,1214500.0,54.63536834716797
2016-09-02,61.4900016784668,60.849998474121094,61.36000061035156,61.119998931884766,1072300.0,54.75182342529297
2016-09-06,61.25,60.75,61.22999954223633,61.2400016784668,1289900.0,54.85932159423828
2016-09-07,61.619998931884766,60.779998779296875,61.08000183105469,61.540000915527344,1302800.0,55.128055572509766
2016-09-08,61.470001220703125,60.83000183105469,61.25,61.06999969482422,1366300.0,54.707035064697266
2016-09-09,60.66999816894531,59.290000915527344,60.52000045776367,59.290000915527344,3284500.0,53.112491607666016
2016-09-12,60.0099983215332,58.79999923706055,59.0,59.849998474121094,2921800.0,53.614139556884766
2016-09-13,59.650001525878906,58.220001220703125,59.59000015258789,58.5099983215332,3114300.0,52.41374969482422
2016-09-14,58.790000915527344,58.209999084472656,58.4900016784668,58.380001068115234,1717500.0,52.297306060791016
2016-09-15,59.11000061035156,57.810001373291016,58.22999954223633,59.0099983215332,1616800.0,52.86166000366211
2016-09-16,59.09000015258789,58.0099983215332,59.029998779296875,58.22999954223633,3858600.0,52.162933349609375
2016-09-19,58.9900016784668,58.400001525878906,58.529998779296875,58.61000061035156,1263800.0,52.50334167480469
2016-09-20,59.52000045776367,58.77000045776367,58.959999084472656,59.220001220703125,1610500.0,53.049774169921875
2016-09-21,59.79999923706055,59.02000045776367,59.25,59.68000030517578,1561000.0,53.46186065673828
2016-09-22,60.47999954223633,59.93000030517578,60.0099983215332,60.369998931884766,2017700.0,54.079959869384766
2016-09-23,60.70000076293945,59.90999984741211,60.33000183105469,59.90999984741211,1230700.0,53.66789627075195
2016-09-26,59.959999084472656,59.59000015258789,59.63999938964844,59.68000030517578,1535200.0,53.46186065673828
2016-09-27,60.36000061035156,59.70000076293945,59.790000915527344,60.27000045776367,2419100.0,53.99038314819336
2016-09-28,59.0,57.0099983215332,58.880001068115234,57.5,6409400.0,51.508995056152344
2016-09-29,57.810001373291016,57.13999938964844,57.5,57.15999984741211,2489000.0,51.20442199707031
2016-09-30,58.119998931884766,57.209999084472656,57.43000030517578,57.869998931884766,2444800.0,51.8404426574707
2016-10-03,57.779998779296875,57.11000061035156,57.47999954223633,57.459999084472656,2315700.0,51.47315979003906
2016-10-04,57.7599983215332,56.779998779296875,57.470001220703125,57.060001373291016,1790300.0,51.11484146118164
2016-10-05,57.31999969482422,56.279998779296875,57.279998779296875,56.79999923706055,2462600.0,50.881927490234375
2016-10-06,56.900001525878906,56.400001525878906,56.68000030517578,56.7400016784668,1508600.0,50.82817840576172
2016-10-07,56.970001220703125,56.15999984741211,56.93000030517578,56.52000045776367,1724200.0,50.631103515625
2016-10-10,57.08000183105469,56.52000045776367,56.650001525878906,56.66999816894531,1175000.0,50.76546859741211
2016-10-11,56.619998931884766,55.75,56.59000015258789,56.029998779296875,1636500.0,50.19215774536133
2016-10-12,56.369998931884766,55.88999938964844,56.04999923706055,56.16999816894531,993700.0,50.317562103271484
2016-10-13,56.31999969482422,55.59000015258789,55.77000045776367,56.2400016784668,1500300.0,50.380279541015625
2016-10-14,56.790000915527344,56.20000076293945,56.470001220703125,56.20000076293945,1071300.0,50.344444274902344
2016-10-17,56.209999084472656,55.43000030517578,56.11000061035156,55.7400016784668,2147300.0,49.93236541748047
2016-10-18,56.619998931884766,55.79999923706055,56.22999954223633,56.13999938964844,1794600.0,50.29069137573242
2016-10-19,56.41999816894531,55.959999084472656,56.20000076293945,56.31999969482422,1482800.0,50.45193862915039
2016-10-20,56.560001373291016,55.880001068115234,56.279998779296875,56.2400016784668,1868900.0,50.380279541015625
2016-10-21,56.060001373291016,55.33000183105469,55.970001220703125,56.0,1861700.0,50.165287017822266
2016-10-24,56.52000045776367,56.0099983215332,56.27000045776367,56.16999816894531,1890900.0,50.317562103271484
2016-10-25,56.5,55.79999923706055,56.220001220703125,55.84000015258789,2386100.0,50.02195739746094
2016-10-26,55.88999938964844,55.209999084472656,55.720001220703125,55.56999969482422,1805900.0,49.78008270263672
2016-10-27,56.060001373291016,55.119998931884766,55.66999816894531,55.25,2318700.0,49.4934196472168
2016-10-28,55.41999816894531,54.75,54.91999816894531,55.04999923706055,2125200.0,49.72829818725586
2016-10-31,55.310001373291016,54.810001373291016,55.16999816894531,55.20000076293945,1610800.0,49.863792419433594
2016-11-01,55.5,54.16999816894531,55.34000015258789,54.27000045776367,2838300.0,49.02368927001953
2016-11-02,54.79999923706055,54.27000045776367,54.380001068115234,54.34000015258789,2960100.0,49.086917877197266
2016-11-03,54.47999954223633,53.470001220703125,54.34000015258789,53.83000183105469,2489500.0,48.62622833251953
2016-11-04,54.04999923706055,53.43000030517578,53.439998626708984,53.650001525878906,1839100.0,48.463623046875
2016-11-07,54.84000015258789,54.130001068115234,54.4900016784668,54.470001220703125,2563800.0,49.20436096191406
2016-11-08,54.58000183105469,54.119998931884766,54.27000045776367,54.189998626708984,2265700.0,48.9514274597168
2016-11-09,55.2400016784668,52.779998779296875,52.900001525878906,55.18000030517578,4972400.0,49.845726013183594
2016-11-10,56.2400016784668,54.619998931884766,55.2400016784668,56.0,4049300.0,50.586456298828125
2016-11-11,56.77000045776367,55.66999816894531,55.779998779296875,56.68000030517578,3782000.0,51.200714111328125
2016-11-14,56.970001220703125,56.22999954223633,56.849998474121094,56.29999923706055,4103800.0,50.857452392578125
2016-11-15,56.7400016784668,55.470001220703125,56.45000076293945,55.68000030517578,2392400.0,50.29738998413086
2016-11-16,55.869998931884766,55.369998931884766,55.61000061035156,55.7599983215332,2065800.0,50.36964797973633
2016-11-17,56.099998474121094,55.41999816894531,55.79999923706055,55.91999816894531,3558300.0,50.514183044433594
2016-11-18,56.16999816894531,55.779998779296875,55.849998474121094,55.93000030517578,2180400.0,50.523216247558594
2016-11-21,57.15999984741211,55.91999816894531,56.0099983215332,57.13999938964844,2889400.0,51.616249084472656
2016-11-22,57.72999954223633,57.04999923706055,57.310001373291016,57.5,3144500.0,51.94144821166992
2016-11-23,58.08000183105469,57.09000015258789,57.529998779296875,58.04999923706055,2112700.0,52.43827819824219
2016-11-25,58.36000061035156,57.86000061035156,58.040000915527344,57.97999954223633,726500.0,52.37504196166992
2016-11-28,58.189998626708984,57.47999954223633,57.790000915527344,57.9900016784668,2081000.0,52.38408660888672
2016-11-29,59.65999984741211,57.81999969482422,57.90999984741211,59.459999084472656,4045600.0,53.711971282958984
2016-11-30,59.68000030517578,58.95000076293945,59.5099983215332,58.95000076293945,5055400.0,53.25127410888672
2016-12-01,59.2400016784668,58.52000045776367,58.95000076293945,58.68000030517578,2409100.0,53.00737380981445
2016-12-02,58.9900016784668,58.22999954223633,58.59000015258789,58.34000015258789,1944700.0,52.70024871826172
2016-12-05,58.88999938964844,58.310001373291016,58.650001525878906,58.83000183105469,2711900.0,53.14288330078125
2016-12-06,59.02000045776367,58.29999923706055,58.97999954223633,58.66999816894531,1342600.0,52.99834442138672
2016-12-07,60.45000076293945,58.58000183105469,58.70000076293945,60.2400016784668,1665800.0,54.41657638549805
2016-12-08,60.45000076293945,59.84000015258789,60.290000915527344,60.27000045776367,1370200.0,54.44367218017578
2016-12-09,60.470001220703125,59.79999923706055,60.02000045776367,60.15999984741211,1381300.0,54.344303131103516
2016-12-12,60.33000183105469,59.86000061035156,59.970001220703125,60.189998626708984,1085300.0,54.37139892578125
2016-12-13,60.65999984741211,60.029998779296875,60.13999938964844,60.25,1715700.0,54.425594329833984
2016-12-14,61.20000076293945,60.25,60.380001068115234,60.47999954223633,2762200.0,54.63337326049805
2016-12-15,61.029998779296875,60.18000030517578,60.43000030517578,60.7400016784668,1704600.0,54.86824417114258
2016-12-16,61.970001220703125,61.0099983215332,61.7599983215332,61.2400016784668,3470900.0,55.31989669799805
2016-12-19,62.040000915527344,61.290000915527344,61.529998779296875,61.54999923706055,1815700.0,55.59993362426758
2016-12-20,62.13999938964844,61.4900016784668,61.88999938964844,61.93000030517578,2487800.0,55.94319534301758
2016-12-21,61.86000061035156,60.2599983215332,61.709999084472656,61.38999938964844,3353000.0,55.45539474487305
2016-12-22,61.54999923706055,60.849998474121094,61.349998474121094,61.5,1310900.0,55.55476760864258
2016-12-23,61.880001068115234,61.43000030517578,61.52000045776367,61.72999954223633,993800.0,55.762535095214844
2016-12-27,62.18000030517578,61.61000061035156,61.83000183105469,61.650001525878906,944700.0,55.690269470214844
2016-12-28,61.93000030517578,61.290000915527344,61.84000015258789,61.34000015258789,1286000.0,55.410240173339844
2016-12-29,61.95000076293945,61.2400016784668,61.470001220703125,61.400001525878906,989000.0,55.46443176269531
2016-12-30,61.2599983215332,60.439998626708984,61.2599983215332,60.880001068115234,1574600.0,54.99470138549805
2017-01-03,61.75,60.61000061035156,61.150001525878906,61.060001373291016,1922300.0,55.15729522705078
2017-01-04,61.59000015258789,61.040000915527344,61.310001373291016,61.290000915527344,1610100.0,55.36506652832031
2017-01-05,61.47999954223633,60.619998931884766,61.119998931884766,60.849998474121094,1646500.0,54.96760177612305
2017-01-06,61.54999923706055,60.54999923706055,60.849998474121094,61.27000045776367,1271400.0,55.34700393676758
2017-01-09,61.400001525878906,60.900001525878906,61.22999954223633,61.02000045776367,1429800.0,55.12117004394531
2017-01-10,61.290000915527344,60.689998626708984,61.08000183105469,60.810001373291016,1392800.0,54.93146896362305
2017-01-11,61.380001068115234,60.79999923706055,61.11000061035156,61.150001525878906,1424600.0,55.23860168457031
2017-01-12,61.40999984741211,60.709999084472656,60.970001220703125,61.34000015258789,1070200.0,55.410240173339844
2017-01-13,61.689998626708984,61.2599983215332,61.31999969482422,61.470001220703125,938500.0,55.52766799926758
2017-01-17,61.470001220703125,60.63999938964844,61.33000183105469,60.849998474121094,1356700.0,54.96760177612305
2017-01-18,61.13999938964844,60.720001220703125,61.0,61.040000915527344,1145800.0,55.13923645019531
2017-01-19,61.11000061035156,60.790000915527344,61.040000915527344,60.900001525878906,1173400.0,55.01276779174805
2017-01-20,61.70000076293945,60.95000076293945,61.099998474121094,61.470001220703125,1517900.0,55.52766799926758
2017-01-23,61.4900016784668,60.97999954223633,61.36000061035156,61.11000061035156,1716900.0,55.20246887207031
2017-01-24,61.959999084472656,61.18000030517578,61.18000030517578,61.869998931884766,1472000.0,55.88899230957031
2017-01-25,62.16999816894531,61.400001525878906,62.0099983215332,61.619998931884766,1529300.0,55.66315841674805
2017-01-26,61.61000061035156,61.25,61.540000915527344,61.45000076293945,1053600.0,55.50959777832031
2017-01-27,61.560001373291016,60.97999954223633,61.54999923706055,61.16999816894531,1009800.0,55.25666809082031
2017-01-30,60.9900016784668,60.41999816894531,60.72999954223633,60.810001373291016,1272900.0,55.34768295288086
2017-01-31,60.7599983215332,60.09000015258789,60.45000076293945,60.290000915527344,1684100.0,54.874393463134766
2017-02-01,59.5,58.43000030517578,59.5,58.52000045776367,4522100.0,53.26338577270508
2017-02-02,58.810001373291016,58.119998931884766,58.40999984741211,58.54999923706055,2649500.0,53.290687561035156
2017-02-03,59.16999816894531,57.709999084472656,58.900001525878906,57.970001220703125,4003300.0,52.76279830932617
2017-02-06,58.400001525878906,57.349998474121094,58.02000045776367,57.619998931884766,4610200.0,52.44422912597656
2017-02-07,57.9900016784668,57.06999969482422,57.650001525878906,57.56999969482422,2810300.0,52.398719787597656
2017-02-08,57.83000183105469,57.16999816894531,57.47999954223633,57.650001525878906,1671200.0,52.47153091430664
2017-02-09,58.66999816894531,57.65999984741211,57.689998626708984,58.4900016784668,2017700.0,53.236083984375
2017-02-10,58.9900016784668,58.41999816894531,58.619998931884766,58.459999084472656,1303100.0,53.20877456665039
2017-02-13,59.22999954223633,58.709999084472656,58.75,59.040000915527344,1471200.0,53.73667907714844
2017-02-14,59.33000183105469,58.83000183105469,58.880001068115234,59.27000045776367,1113700.0,53.94601821899414
2017-02-15,59.529998779296875,58.849998474121094,59.33000183105469,59.380001068115234,1526300.0,54.0461311340332
2017-02-16,59.59000015258789,59.09000015258789,59.470001220703125,59.4900016784668,1276200.0,54.14625549316406
2017-02-17,59.459999084472656,58.7400016784668,59.459999084472656,59.130001068115234,1708100.0,53.81858825683594
2017-02-21,59.349998474121094,58.75,59.22999954223633,59.099998474121094,2218900.0,53.791282653808594
2017-02-22,59.630001068115234,58.95000076293945,58.95000076293945,59.599998474121094,1507500.0,54.246368408203125
2017-02-23,60.540000915527344,59.560001373291016,59.849998474121094,60.40999984741211,1894700.0,54.983612060546875
2017-02-24,61.939998626708984,60.20000076293945,60.439998626708984,61.810001373291016,3372600.0,56.25786209106445
2017-02-27,62.130001068115234,61.2400016784668,61.58000183105469,61.529998779296875,2122500.0,56.003013610839844
2017-02-28,61.810001373291016,61.209999084472656,61.58000183105469,61.41999816894531,1618200.0,55.902889251708984
2017-03-01,63.0099983215332,61.650001525878906,61.709999084472656,62.810001373291016,2817000.0,57.168033599853516
2017-03-02,62.59000015258789,62.209999084472656,62.560001373291016,62.36000061035156,1383000.0,56.75845718383789
2017-03-03,62.54999923706055,61.849998474121094,62.18000030517578,62.5,1779000.0,56.885887145996094
2017-03-06,62.59000015258789,62.06999969482422,62.2400016784668,62.40999984741211,1244800.0,56.803955078125
2017-03-07,62.58000183105469,62.06999969482422,62.13999938964844,62.15999984741211,1097400.0,56.576416015625
2017-03-08,62.599998474121094,62.0099983215332,62.150001525878906,62.31999969482422,1169000.0,56.7220458984375
2017-03-09,62.47999954223633,61.810001373291016,62.25,62.119998931884766,969600.0,56.540008544921875
2017-03-10,62.540000915527344,61.790000915527344,62.220001220703125,62.380001068115234,893300.0,56.77665710449219
2017-03-13,62.630001068115234,62.099998474121094,62.33000183105469,62.560001373291016,1969200.0,56.940486907958984
2017-03-14,62.54999923706055,62.08000183105469,62.5099983215332,62.310001373291016,888500.0,56.71294403076172
2017-03-15,63.029998779296875,62.310001373291016,62.540000915527344,62.86000061035156,1406200.0,57.213539123535156
2017-03-16,63.029998779296875,62.34000015258789,62.849998474121094,62.630001068115234,1115900.0,57.00419998168945
2017-03-17,63.029998779296875,62.630001068115234,62.779998779296875,62.84000015258789,2026400.0,57.19533920288086
2017-03-20,62.95000076293945,62.04999923706055,62.869998931884766,62.310001373291016,1352700.0,56.71294403076172
2017-03-21,62.599998474121094,61.529998779296875,62.47999954223633,61.66999816894531,1845800.0,56.13043975830078
2017-03-22,62.099998474121094,61.4900016784668,61.75,62.0,1247800.0,56.43079376220703
2017-03-23,61.970001220703125,61.45000076293945,61.77000045776367,61.52000045776367,1885500.0,55.993900299072266
2017-03-24,62.040000915527344,61.310001373291016,61.790000915527344,61.619998931884766,1296500.0,56.08491897583008
2017-03-27,61.459999084472656,60.70000076293945,61.220001220703125,60.88999938964844,2748100.0,55.420494079589844
2017-03-28,61.04999923706055,60.5099983215332,60.70000076293945,60.58000183105469,4956400.0,55.138343811035156
2017-03-29,61.0,58.58000183105469,60.5099983215332,59.060001373291016,5436800.0,53.754886627197266
2017-03-30,59.33000183105469,58.75,58.939998626708984,59.130001068115234,2873800.0,53.81858825683594
2017-03-31,59.2599983215332,58.84000015258789,59.099998474121094,58.900001525878906,2537800.0,53.609249114990234
2017-04-03,58.88999938964844,58.099998474121094,58.75,58.439998626708984,2322500.0,53.19057083129883
2017-04-04,58.349998474121094,57.95000076293945,58.310001373291016,58.060001373291016,1543200.0,52.84470748901367
2017-04-05,58.880001068115234,58.040000915527344,58.33000183105469,58.29999923706055,2300500.0,53.063148498535156
2017-04-06,58.34000015258789,57.86000061035156,58.290000915527344,58.150001525878906,1458700.0,52.92662048339844
2017-04-07,58.34000015258789,58.02000045776367,58.16999816894531,58.189998626708984,1583400.0,52.96302032470703
2017-04-10,58.529998779296875,58.04999923706055,58.15999984741211,58.2400016784668,1323500.0,53.008541107177734
2017-04-11,58.720001220703125,58.0099983215332,58.2599983215332,58.720001220703125,2070700.0,53.44541931152344
2017-04-12,58.650001525878906,58.220001220703125,58.36000061035156,58.45000076293945,2093500.0,53.19967269897461
2017-04-13,58.52000045776367,57.88999938964844,58.470001220703125,57.88999938964844,1661600.0,52.68997573852539
2017-04-17,58.150001525878906,57.68000030517578,58.02000045776367,58.060001373291016,1488800.0,52.84470748901367
2017-04-18,58.2599983215332,57.7599983215332,57.7599983215332,58.220001220703125,1420400.0,52.99032974243164
2017-04-19,58.7599983215332,57.970001220703125,58.209999084472656,58.08000183105469,2048000.0,52.86290740966797
2017-04-20,58.72999954223633,58.18000030517578,58.38999938964844,58.650001525878906,1707100.0,53.381710052490234
2017-04-21,59.22999954223633,58.68000030517578,58.77000045776367,59.13999938964844,1939400.0,53.827693939208984
2017-04-24,59.880001068115234,59.029998779296875,59.66999816894531,59.41999816894531,1950100.0,54.08253479003906
2017-04-25,60.06999969482422,59.54999923706055,59.65999984741211,59.54999923706055,2090400.0,54.200862884521484
2017-04-26,59.7400016784668,59.25,59.619998931884766,59.70000076293945,1682800.0,54.3373908996582
2017-04-27,60.060001373291016,59.5,59.720001220703125,59.84000015258789,1338500.0,54.464813232421875
2017-04-28,59.939998626708984,59.11000061035156,59.939998626708984,59.279998779296875,1543000.0,53.95512008666992
2017-05-01,59.47999954223633,58.959999084472656,59.33000183105469,59.15999984741211,1109400.0,53.84589385986328
2017-05-02,59.5,59.0,59.220001220703125,59.25,942000.0,53.92780685424805
2017-05-03,58.52000045776367,57.400001525878906,58.5,57.900001525878906,2777600.0,52.69908142089844
2017-05-04,58.72999954223633,57.790000915527344,57.90999984741211,58.68000030517578,1357300.0,53.40901184082031
2017-05-05,58.88999938964844,58.47999954223633,58.88999938964844,58.869998931884766,1524200.0,53.58194351196289
2017-05-08,58.720001220703125,57.86000061035156,58.459999084472656,58.060001373291016,1980300.0,53.26087951660156
2017-05-09,58.2400016784668,57.650001525878906,58.04999923706055,58.02000045776367,1603300.0,53.22418212890625
2017-05-10,58.099998474121094,57.45000076293945,57.95000076293945,57.540000915527344,1879200.0,52.78385543823242
2017-05-11,57.439998626708984,56.939998626708984,57.380001068115234,57.189998626708984,1956100.0,52.46278762817383
2017-05-12,57.25,56.93000030517578,57.22999954223633,57.130001068115234,1667300.0,52.407745361328125
2017-05-15,57.779998779296875,57.15999984741211,57.15999984741211,57.61000061035156,2343900.0,52.84806823730469
2017-05-16,57.810001373291016,56.970001220703125,57.61000061035156,57.15999984741211,2065400.0,52.43526840209961
2017-05-17,57.279998779296875,56.56999969482422,56.83000183105469,56.939998626708984,2695600.0,52.23344802856445
2017-05-18,57.68000030517578,56.77000045776367,57.0,57.43000030517578,1848300.0,52.682952880859375
2017-05-19,57.70000076293945,57.22999954223633,57.5,57.5099983215332,1939100.0,52.756343841552734
2017-05-22,58.040000915527344,57.61000061035156,57.7400016784668,57.81999969482422,1518000.0,53.04071044921875
2017-05-23,58.2599983215332,57.79999923706055,58.099998474121094,58.04999923706055,1288400.0,53.25170135498047
2017-05-24,58.59000015258789,58.0099983215332,58.22999954223633,58.400001525878906,1305400.0,53.57277297973633
2017-05-25,59.27000045776367,58.45000076293945,58.68000030517578,59.11000061035156,1454000.0,54.224090576171875
2017-05-26,59.33000183105469,58.7599983215332,59.220001220703125,59.279998779296875,1345500.0,54.380035400390625
2017-05-30,59.279998779296875,58.689998626708984,59.279998779296875,59.11000061035156,1087600.0,54.224090576171875
2017-05-31,59.45000076293945,59.02000045776367,59.310001373291016,59.22999954223633,4670200.0,54.33415985107422
2017-06-01,59.68000030517578,59.099998474121094,59.4900016784668,59.66999816894531,1369900.0,54.73780059814453
2017-06-02,59.56999969482422,58.31999969482422,59.56999969482422,59.27000045776367,2820900.0,54.37086486816406
2017-06-05,59.900001525878906,59.130001068115234,59.31999969482422,59.599998474121094,1662300.0,54.673580169677734
2017-06-06,59.58000183105469,59.029998779296875,59.41999816894531,59.060001373291016,1179500.0,54.17822265625
2017-06-07,59.400001525878906,59.029998779296875,59.27000045776367,59.310001373291016,1144900.0,54.40755081176758
2017-06-08,59.349998474121094,58.65999984741211,59.2599983215332,58.90999984741211,1202300.0,54.04061508178711
2017-06-09,59.25,58.43000030517578,58.97999954223633,58.560001373291016,1880000.0,53.719547271728516
2017-06-12,59.97999954223633,58.22999954223633,58.439998626708984,59.63999938964844,2694300.0,54.71027374267578
2017-06-13,60.56999969482422,59.5,59.5,60.5099983215332,2071800.0,55.50836181640625
2017-06-14,60.709999084472656,59.88999938964844,60.470001220703125,60.09000015258789,2107900.0,55.123077392578125
2017-06-15,60.79999923706055,59.81999969482422,59.91999816894531,60.72999954223633,1771100.0,55.710182189941406
2017-06-16,61.119998931884766,60.209999084472656,60.7599983215332,61.099998474121094,3323100.0,56.049591064453125
2017-06-19,61.56999969482422,60.90999984741211,61.56999969482422,61.130001068115234,2052400.0,56.077117919921875
2017-06-20,60.59000015258789,59.90999984741211,60.31999969482422,60.0099983215332,2023900.0,55.049686431884766
2017-06-21,60.20000076293945,59.72999954223633,59.959999084472656,59.93000030517578,1305700.0,54.97630310058594
2017-06-22,60.029998779296875,59.11000061035156,59.869998931884766,59.400001525878906,1660200.0,54.490116119384766
2017-06-23,59.470001220703125,59.099998474121094,59.2599983215332,59.2400016784668,2941100.0,54.34333419799805
2017-06-26,59.650001525878906,59.11000061035156,59.650001525878906,59.2400016784668,2480200.0,54.34333419799805
2017-06-27,59.349998474121094,58.5,59.189998626708984,58.619998931884766,3594500.0,53.77458572387695
2017-06-28,58.0,56.560001373291016,57.5,57.650001525878906,5608400.0,52.884761810302734
2017-06-29,57.65999984741211,56.5099983215332,57.5,56.689998626708984,3229800.0,52.004112243652344
2017-06-30,57.33000183105469,56.630001068115234,57.310001373291016,56.939998626708984,3362000.0,52.23344802856445
2017-07-03,57.130001068115234,56.369998931884766,56.400001525878906,56.529998779296875,1459300.0,51.85734558105469
2017-07-05,57.56999969482422,56.349998474121094,56.77000045776367,57.4900016784668,2792200.0,52.73799133300781
2017-07-06,57.310001373291016,56.68000030517578,57.310001373291016,56.970001220703125,2176400.0,52.26097869873047
2017-07-07,57.70000076293945,56.88999938964844,57.15999984741211,57.41999816894531,1655400.0,52.67377471923828
2017-07-10,57.959999084472656,57.31999969482422,57.41999816894531,57.84000015258789,1950000.0,53.05906295776367
2017-07-11,57.68000030517578,56.56999969482422,57.66999816894531,56.599998474121094,2917700.0,51.92155456542969
2017-07-12,57.369998931884766,56.83000183105469,56.83000183105469,57.2400016784668,1849400.0,52.5086555480957
2017-07-13,57.4900016784668,57.0,57.380001068115234,57.20000076293945,1743300.0,52.471961975097656
2017-07-14,57.439998626708984,57.09000015258789,57.349998474121094,57.099998474121094,1383300.0,52.380218505859375
2017-07-17,57.25,56.75,57.11000061035156,56.880001068115234,1586500.0,52.178409576416016
2017-07-18,57.04999923706055,56.630001068115234,56.7599983215332,56.779998779296875,1617200.0,52.08667755126953
2017-07-19,56.97999954223633,56.54999923706055,56.75,56.86000061035156,2151400.0,52.16006851196289
2017-07-20,57.34000015258789,56.81999969482422,56.86000061035156,57.189998626708984,1748000.0,52.46278762817383
2017-07-21,57.369998931884766,56.779998779296875,56.779998779296875,57.20000076293945,1937600.0,52.471961975097656
2017-07-24,57.22999954223633,56.84000015258789,57.13999938964844,56.939998626708984,1241500.0,52.23344802856445
2017-07-25,57.65999984741211,57.0,57.04999923706055,57.43000030517578,1791500.0,52.682952880859375
2017-07-26,58.25,57.459999084472656,57.52000045776367,58.11000061035156,2005100.0,53.30674743652344
2017-07-27,61.369998931884766,57.869998931884766,58.029998779296875,60.13999938964844,6295400.0,55.168949127197266
2017-07-28,60.130001068115234,57.709999084472656,59.4900016784668,57.7599983215332,4069100.0,53.42988586425781
2017-07-31,58.349998474121094,57.709999084472656,57.810001373291016,57.849998474121094,5038400.0,53.51314163208008
2017-08-01,57.959999084472656,56.65999984741211,57.900001525878906,56.81999969482422,2749400.0,52.56035232543945
2017-08-02,56.880001068115234,56.15999984741211,56.529998779296875,56.58000183105469,2503800.0,52.338348388671875
2017-08-03,56.66999816894531,55.779998779296875,56.58000183105469,56.150001525878906,2440800.0,51.940589904785156
2017-08-04,56.40999984741211,55.869998931884766,56.369998931884766,56.09000015258789,1953000.0,51.88508605957031
2017-08-07,56.13999938964844,55.7400016784668,56.0099983215332,55.939998626708984,1429800.0,51.7463264465332
2017-08-08,56.58000183105469,54.720001220703125,55.900001525878906,55.040000915527344,3396100.0,50.91379928588867
2017-08-09,55.06999969482422,54.43000030517578,54.84000015258789,54.90999984741211,1717400.0,50.793540954589844
2017-08-10,55.04999923706055,54.529998779296875,54.61000061035156,54.779998779296875,2166900.0,50.67329025268555
2017-08-11,54.91999816894531,54.20000076293945,54.900001525878906,54.2400016784668,1789400.0,50.17377471923828
2017-08-14,55.06999969482422,54.43000030517578,54.77000045776367,54.91999816894531,2014800.0,50.80279541015625
2017-08-15,55.779998779296875,54.81999969482422,55.04999923706055,55.59000015258789,2710600.0,51.42256164550781
2017-08-16,56.880001068115234,55.630001068115234,55.689998626708984,56.2400016784668,2650200.0,52.02384567260742
2017-08-17,56.36000061035156,54.93000030517578,56.16999816894531,54.97999954223633,2473600.0,50.85829544067383
2017-08-18,55.209999084472656,54.7599983215332,54.9900016784668,54.9900016784668,2041400.0,50.867549896240234
2017-08-21,55.810001373291016,54.86000061035156,54.97999954223633,55.77000045776367,2433300.0,51.58906936645508
2017-08-22,56.59000015258789,55.77000045776367,56.08000183105469,56.11000061035156,2817600.0,51.90358352661133
2017-08-23,56.08000183105469,55.630001068115234,55.95000076293945,55.77000045776367,1303000.0,51.58906936645508
2017-08-24,55.900001525878906,55.459999084472656,55.83000183105469,55.540000915527344,1313600.0,51.376319885253906
2017-08-25,56.45000076293945,55.61000061035156,55.77000045776367,56.220001220703125,1065300.0,52.00533676147461
2017-08-28,56.52000045776367,56.040000915527344,56.380001068115234,56.4900016784668,1812600.0,52.255096435546875
2017-08-29,56.630001068115234,56.08000183105469,56.2599983215332,56.59000015258789,1198200.0,52.34759521484375
2017-08-30,56.849998474121094,56.119998931884766,56.59000015258789,56.619998931884766,1298200.0,52.37534713745117
2017-08-31,57.099998474121094,56.560001373291016,56.810001373291016,57.029998779296875,1421000.0,52.75461196899414
2017-09-01,57.2400016784668,56.619998931884766,57.040000915527344,57.06999969482422,1099500.0,52.7916145324707
2017-09-05,57.06999969482422,56.43000030517578,56.91999816894531,56.709999084472656,1257600.0,52.45860290527344
2017-09-06,57.27000045776367,56.59000015258789,56.970001220703125,57.20000076293945,1600300.0,52.911869049072266
2017-09-07,57.27000045776367,56.900001525878906,57.09000015258789,57.0099983215332,1140500.0,52.73611068725586
2017-09-08,57.22999954223633,56.81999969482422,56.93000030517578,56.900001525878906,1315000.0,52.63436508178711
2017-09-11,57.5,57.09000015258789,57.13999938964844,57.33000183105469,1379000.0,53.032127380371094
2017-09-12,58.790000915527344,57.529998779296875,57.54999923706055,58.15999984741211,2236200.0,53.79989242553711
2017-09-13,58.36000061035156,57.83000183105469,58.08000183105469,58.040000915527344,1397600.0,53.68889236450195
2017-09-14,57.849998474121094,57.22999954223633,57.720001220703125,57.5099983215332,1809900.0,53.19863510131836
2017-09-15,57.95000076293945,57.36000061035156,57.529998779296875,57.849998474121094,2076300.0,53.51314163208008
2017-09-18,58.130001068115234,57.65999984741211,57.86000061035156,58.08000183105469,806300.0,53.72590255737305
2017-09-19,58.290000915527344,57.90999984741211,58.130001068115234,58.06999969482422,1190400.0,53.716644287109375
2017-09-20,58.650001525878906,58.0,58.0,58.5099983215332,1662000.0,54.12366485595703
2017-09-21,58.70000076293945,58.09000015258789,58.58000183105469,58.189998626708984,1562900.0,53.82765197753906
2017-09-22,59.84000015258789,58.220001220703125,58.220001220703125,59.75,2709800.0,55.27070617675781
2017-09-25,60.04999923706055,59.5,59.52000045776367,60.029998779296875,2368200.0,55.52971267700195
2017-09-26,60.290000915527344,59.77000045776367,60.2599983215332,59.939998626708984,1882700.0,55.44645690917969
2017-09-27,60.5,60.0,60.16999816894531,60.349998474121094,1595000.0,55.825721740722656
2017-09-28,60.40999984741211,59.81999969482422,59.81999969482422,60.2599983215332,1437200.0,55.742469787597656
2017-09-29,60.650001525878906,59.86000061035156,60.16999816894531,59.959999084472656,2265600.0,55.46495819091797
2017-10-02,60.15999984741211,59.34000015258789,59.95000076293945,59.810001373291016,4561000.0,55.32620620727539
2017-10-03,62.91999816894531,61.02000045776367,62.0,61.9900016784668,7620100.0,57.3427734375
2017-10-04,63.060001373291016,61.95000076293945,62.08000183105469,62.61000061035156,3108300.0,57.91629409790039
2017-10-05,63.310001373291016,62.400001525878906,63.040000915527344,63.25,2401900.0,58.50831604003906
2017-10-06,63.68000030517578,62.900001525878906,63.150001525878906,63.619998931884766,3305900.0,58.85057830810547
2017-10-09,64.0,63.52000045776367,63.63999938964844,63.650001525878906,2952900.0,58.878334045410156
2017-10-10,64.08000183105469,63.34000015258789,63.84000015258789,63.709999084472656,2561500.0,58.933834075927734
2017-10-11,63.7400016784668,63.2599983215332,63.720001220703125,63.47999954223633,2913100.0,58.72107696533203
2017-10-12,64.44000244140625,63.349998474121094,63.45000076293945,64.41999816894531,2055100.0,59.59060287475586
2017-10-13,64.75,63.7400016784668,64.38999938964844,63.75,2083600.0,58.9708366394043
2017-10-16,63.88999938964844,63.220001220703125,63.709999084472656,63.45000076293945,1142800.0,58.69332504272461
2017-10-17,63.630001068115234,62.86000061035156,63.540000915527344,62.900001525878906,1589200.0,58.18455505371094
2017-10-18,63.369998931884766,62.939998626708984,62.95000076293945,63.029998779296875,1034800.0,58.3048095703125
2017-10-19,63.599998474121094,62.790000915527344,62.849998474121094,63.5099983215332,1493500.0,58.74882125854492
2017-10-20,64.11000061035156,63.47999954223633,63.540000915527344,64.04000091552734,1399400.0,59.239097595214844
2017-10-23,64.58000183105469,64.05999755859375,64.08999633789062,64.33999633789062,1677600.0,59.5166015625
2017-10-24,64.66000366210938,63.779998779296875,64.5999984741211,63.880001068115234,1824300.0,59.09108352661133
2017-10-25,64.11000061035156,63.31999969482422,63.72999954223633,64.08000183105469,2334600.0,59.27608871459961
2017-10-26,64.83999633789062,64.2300033569336,64.41999816894531,64.58999633789062,1374500.0,59.74785232543945
2017-10-27,65.62000274658203,64.2300033569336,64.55000305175781,65.4000015258789,2998500.0,60.49714279174805
2017-10-30,65.54000091552734,64.36000061035156,65.4000015258789,64.47000122070312,2540800.0,59.6368522644043
2017-10-31,64.11000061035156,63.5099983215332,64.01000213623047,63.790000915527344,1460500.0,59.46905517578125
2017-11-01,64.27999877929688,63.560001373291016,63.869998931884766,64.13999938964844,1637000.0,59.79533767700195
2017-11-02,64.66999816894531,63.540000915527344,64.31999969482422,64.54000091552734,1996300.0,60.168243408203125
2017-11-03,64.43000030517578,63.93000030517578,64.41999816894531,63.9900016784668,1567100.0,59.65550231933594
2017-11-06,64.06999969482422,63.47999954223633,63.70000076293945,64.0,1397200.0,59.664817810058594
2017-11-07,64.37999725341797,63.81999969482422,64.12999725341797,64.2699966430664,1703800.0,59.91653060913086
2017-11-08,64.5999984741211,64.08999633789062,64.1500015258789,64.55000305175781,1097200.0,60.17757034301758
2017-11-09,64.9000015258789,64.12000274658203,64.12000274658203,64.76000213623047,1772600.0,60.37334060668945
2017-11-10,64.66999816894531,64.3499984741211,64.61000061035156,64.56999969482422,1332700.0,60.19620895385742
2017-11-13,65.25,64.33999633789062,64.54000091552734,65.0999984741211,1775100.0,60.69031524658203
2017-11-14,65.54000091552734,64.41999816894531,64.70999908447266,65.37000274658203,1576300.0,60.9420280456543
2017-11-15,65.80999755859375,64.45999908447266,65.33999633789062,64.58000183105469,1839200.0,60.20553970336914
2017-11-16,66.30999755859375,64.77999877929688,64.87000274658203,65.63999938964844,1755900.0,61.193729400634766
2017-11-17,65.48999786376953,64.6500015258789,65.43000030517578,64.91999816894531,1741600.0,60.52250289916992
2017-11-20,65.27999877929688,64.75,64.9800033569336,65.18000030517578,1326200.0,60.764892578125
2017-11-21,65.38999938964844,65.0,65.27999877929688,65.12000274658203,1529000.0,60.708961486816406
2017-11-22,65.30999755859375,64.62999725341797,65.20999908447266,64.68000030517578,927400.0,60.298763275146484
2017-11-24,64.88999938964844,64.41999816894531,64.5999984741211,64.69000244140625,538900.0,60.30809020996094
2017-11-27,64.86000061035156,64.29000091552734,64.63999938964844,64.68000030517578,1241500.0,60.298763275146484
2017-11-28,65.80000305175781,64.80000305175781,64.8499984741211,65.80000305175781,1569300.0,61.34290313720703
2017-11-29,66.93000030517578,65.38999938964844,65.77999877929688,66.58000183105469,3210600.0,62.07006072998047
2017-11-30,67.87999725341797,66.43000030517578,66.6500015258789,67.30999755859375,3748100.0,62.75060272216797
2017-12-01,67.26000213623047,65.88999938964844,66.9000015258789,66.87000274658203,2489500.0,62.340415954589844
2017-12-04,68.55999755859375,67.37999725341797,67.5999984741211,67.61000061035156,2604400.0,63.0302848815918
2017-12-05,68.5199966430664,67.62000274658203,67.70999908447266,67.94000244140625,2878000.0,63.337928771972656
2017-12-06,68.66999816894531,67.8499984741211,68.0199966430664,68.41000366210938,1834700.0,63.77610778808594
2017-12-07,68.75,68.22000122070312,68.27999877929688,68.52999877929688,2034800.0,63.887969970703125
2017-12-08,69.13999938964844,68.44000244140625,68.94000244140625,69.01000213623047,1464100.0,64.33545684814453
2017-12-11,69.26000213623047,68.73999786376953,68.8499984741211,69.0199966430664,2354600.0,64.34478759765625
2017-12-12,69.12999725341797,68.62999725341797,68.9000015258789,68.70999908447266,1087600.0,64.0557861328125
2017-12-13,69.12000274658203,68.4800033569336,68.9000015258789,68.81999969482422,1887600.0,64.1583251953125
2017-12-14,68.98999786376953,68.30999755859375,68.9000015258789,68.33000183105469,1534900.0,63.70151138305664
2017-12-15,70.16999816894531,68.51000213623047,68.88999938964844,69.7699966430664,3548800.0,65.04399108886719
2017-12-18,70.30000305175781,69.6500015258789,70.08999633789062,70.25,1756800.0,65.49146270751953
2017-12-19,70.38999938964844,69.25,70.3499984741211,69.26000213623047,1637000.0,64.56852722167969
2017-12-20,70.0,69.04000091552734,70.0,69.19999694824219,1680500.0,64.51258087158203
2017-12-21,68.75,66.91999816894531,67.37999725341797,68.63999938964844,4202000.0,63.99052047729492
2017-12-22,69.73999786376953,68.16000366210938,68.77999877929688,68.2699966430664,3022100.0,63.64558029174805
2017-12-26,68.91999816894531,68.05999755859375,68.23999786376953,68.8499984741211,1625600.0,64.18629455566406
2017-12-27,69.05999755859375,68.3499984741211,69.05999755859375,68.4000015258789,1153800.0,63.76677703857422
2017-12-28,68.7300033569336,67.9800033569336,68.70999908447266,68.33999633789062,1103100.0,63.710838317871094
2017-12-29,68.44999694824219,67.9000015258789,67.9000015258789,68.08000183105469,1210500.0,63.46845626831055
2018-01-02,68.33999633789062,67.16000366210938,68.33999633789062,67.30999755859375,2289300.0,62.75060272216797
2018-01-03,68.68000030517578,67.2300033569336,67.44999694824219,68.27999877929688,2189800.0,63.6549072265625
2018-01-04,69.12000274658203,68.3499984741211,68.3499984741211,68.91999816894531,1636900.0,64.25155639648438
2018-01-05,69.26000213623047,68.41999816894531,69.20999908447266,68.70999908447266,1743900.0,64.0557861328125
2018-01-08,68.56999969482422,68.0,68.5,68.27999877929688,2256600.0,63.6549072265625
2018-01-09,68.5999984741211,67.51000213623047,67.69999694824219,67.81999969482422,2850000.0,63.226070404052734
2018-01-10,67.91999816894531,67.12000274658203,67.66000366210938,67.54000091552734,1883800.0,62.96503829956055
2018-01-11,67.51000213623047,66.29000091552734,67.51000213623047,66.86000061035156,2199600.0,62.331092834472656
2018-01-12,67.88999938964844,66.62000274658203,66.98999786376953,67.66000366210938,2017200.0,63.076908111572266
2018-01-16,68.4800033569336,67.75,67.91999816894531,68.26000213623047,3478000.0,63.63626480102539
2018-01-17,69.8499984741211,68.41000366210938,68.70999908447266,69.63999938964844,2620200.0,64.92279052734375
2018-01-18,69.91999816894531,68.6500015258789,69.61000061035156,68.91000366210938,1662800.0,64.24223327636719
2018-01-19,69.69999694824219,68.75,68.88999938964844,69.48999786376953,2559500.0,64.78292846679688
2018-01-22,70.1500015258789,69.2300033569336,69.62000274658203,69.69999694824219,1682000.0,64.97871398925781
2018-01-23,73.0999984741211,69.0999984741211,69.69000244140625,69.98999786376953,6875500.0,65.24906921386719
2018-01-24,70.1500015258789,67.94999694824219,70.11000061035156,68.0199966430664,3229700.0,63.412506103515625
2018-01-25,68.69999694824219,67.62999725341797,68.22000122070312,68.62999725341797,1880600.0,63.98120880126953
2018-01-26,70.23999786376953,68.5999984741211,68.93000030517578,70.01000213623047,1720300.0,65.2677230834961
2018-01-29,69.87999725341797,68.73999786376953,69.80999755859375,68.83000183105469,1263100.0,64.16766357421875
2018-01-30,69.2699966430664,68.13999938964844,68.66999816894531,68.55999755859375,1415100.0,63.91593933105469
2018-01-31,68.80000305175781,67.79000091552734,68.5999984741211,68.25,2135700.0,64.09437561035156
2018-02-01,68.48999786376953,66.7699966430664,68.08999633789062,67.02999877929688,2737900.0,62.94865798950195
2018-02-02,67.44999694824219,66.51000213623047,66.6500015258789,66.5999984741211,3252900.0,62.544837951660156
2018-02-05,67.36000061035156,64.5,66.41999816894531,64.5199966430664,3601300.0,60.59148025512695
2018-02-06,64.48999786376953,62.56999969482422,63.29999923706055,64.2300033569336,3489400.0,60.31914520263672
2018-02-07,65.94999694824219,63.68000030517578,63.900001525878906,64.73999786376953,2691300.0,60.798091888427734
2018-02-08,64.5999984741211,61.79999923706055,64.5999984741211,61.86000061035156,3128600.0,58.093448638916016
2018-02-09,64.61000061035156,62.029998779296875,62.59000015258789,64.16000366210938,3338800.0,60.2534065246582
2018-02-12,65.05000305175781,64.20999908447266,64.58000183105469,64.69000244140625,2113000.0,60.75113296508789
2018-02-13,64.88999938964844,64.0,64.30000305175781,64.62999725341797,1561900.0,60.694786071777344
2018-02-14,65.52999877929688,63.93000030517578,64.33000183105469,65.37000274658203,1469700.0,61.389732360839844
2018-02-15,66.47000122070312,65.30999755859375,65.91999816894531,66.47000122070312,2146000.0,62.42275619506836
2018-02-16,67.4000015258789,66.4800033569336,66.4800033569336,66.80999755859375,3203800.0,62.7420539855957
2018-02-20,66.9000015258789,65.30000305175781,66.66999816894531,65.41000366210938,2239200.0,61.42729949951172
2018-02-21,66.23999786376953,65.08000183105469,65.63999938964844,65.08000183105469,1536300.0,61.11738586425781
2018-02-22,65.83000183105469,64.87999725341797,65.31999969482422,65.05000305175781,1181700.0,61.08921432495117
2018-02-23,66.48999786376953,65.20999908447266,65.52999877929688,66.47000122070312,1246900.0,62.42275619506836
2018-02-26,66.91999816894531,66.41000366210938,66.5199966430664,66.83000183105469,1711500.0,62.760833740234375
2018-02-27,67.87000274658203,65.91999816894531,67.02999877929688,65.91999816894531,2121700.0,61.906246185302734
2018-02-28,66.72000122070312,65.11000061035156,66.4000015258789,65.12999725341797,2474500.0,61.164344787597656
2018-03-01,65.7300033569336,63.09000015258789,63.650001525878906,63.54999923706055,2770000.0,59.680538177490234
2018-03-02,63.95000076293945,63.0,63.2400016784668,63.790000915527344,1549700.0,59.90593719482422
2018-03-05,65.2300033569336,63.33000183105469,63.33000183105469,65.04000091552734,1773000.0,61.07982635498047
2018-03-06,65.23999786376953,64.36000061035156,65.23999786376953,65.08999633789062,1631000.0,61.12677001953125
2018-03-07,65.08999633789062,64.33999633789062,64.68000030517578,64.81999969482422,1603000.0,60.87321853637695
2018-03-08,65.81999969482422,64.97000122070312,65.05999755859375,65.38999938964844,2175100.0,61.40850830078125
2018-03-09,66.69999694824219,65.47000122070312,65.5,66.5199966430664,1452100.0,62.46970748901367
2018-03-12,66.93000030517578,66.30999755859375,66.66999816894531,66.5,1261200.0,62.450927734375
2018-03-13,67.45999908447266,66.33999633789062,66.95999908447266,66.72000122070312,1639100.0,62.65753936767578
2018-03-14,66.98999786376953,65.56999969482422,66.98999786376953,65.88999938964844,1504400.0,61.87807083129883
2018-03-15,66.73999786376953,65.70999908447266,65.97000122070312,66.4000015258789,1408700.0,62.357017517089844
2018-03-16,66.66999816894531,65.94000244140625,66.5,66.1500015258789,3152800.0,62.122230529785156
2018-03-19,66.26000213623047,64.7300033569336,65.7699966430664,65.33000183105469,1814200.0,61.35216522216797
2018-03-20,65.94999694824219,65.3499984741211,65.69000244140625,65.51000213623047,1547400.0,61.521209716796875
2018-03-21,66.29000091552734,65.26000213623047,65.51000213623047,65.55000305175781,2717900.0,61.55876922607422
2018-03-22,65.25,63.45000076293945,64.47000122070312,63.4900016784668,2419700.0,59.624202728271484
2018-03-23,63.869998931884766,61.56999969482422,63.5099983215332,61.72999954223633,4116300.0,57.97136688232422
2018-03-26,64.58000183105469,59.95000076293945,63.400001525878906,61.220001220703125,7059100.0,57.49241638183594
2018-03-27,61.540000915527344,59.36000061035156,61.209999084472656,59.84000015258789,4353600.0,56.196441650390625
2018-03-28,60.90999984741211,59.400001525878906,59.91999816894531,60.599998474121094,3364900.0,56.910160064697266
2018-03-29,62.150001525878906,60.56999969482422,60.880001068115234,61.59000015258789,3104900.0,57.83988571166992
2018-04-02,61.689998626708984,59.650001525878906,61.5,60.31999969482422,3210600.0,56.647216796875
2018-04-03,61.13999938964844,60.06999969482422,60.7400016784668,61.02000045776367,1967700.0,57.30459213256836
2018-04-04,62.02000045776367,60.06999969482422,60.439998626708984,61.810001373291016,2206000.0,58.04649353027344
2018-04-05,62.45000076293945,61.77000045776367,62.25,62.13999938964844,1232000.0,58.35639953613281
2018-04-06,61.97999954223633,60.27000045776367,61.720001220703125,60.720001220703125,1778800.0,57.02286148071289
2018-04-09,62.02000045776367,60.75,61.04999923706055,60.939998626708984,1483100.0,57.229461669921875
2018-04-10,62.4900016784668,61.56999969482422,61.81999969482422,61.970001220703125,1554100.0,58.19675064086914
2018-04-11,61.970001220703125,61.11000061035156,61.36000061035156,61.66999816894531,1414400.0,57.91501235961914
2018-04-12,61.97999954223633,61.400001525878906,61.93000030517578,61.650001525878906,1920000.0,57.89623260498047
2018-04-13,62.18000030517578,61.2599983215332,62.0,61.4900016784668,1126500.0,57.7459831237793
2018-04-16,62.47999954223633,61.68000030517578,61.93000030517578,62.2400016784668,1039900.0,58.45030975341797
2018-04-17,61.70000076293945,60.33000183105469,60.33000183105469,61.130001068115234,5171300.0,57.40789794921875
2018-04-18,61.40999984741211,60.93000030517578,61.290000915527344,61.029998779296875,3609600.0,57.31398391723633
2018-04-19,61.2599983215332,60.65999984741211,61.0099983215332,60.93000030517578,2841200.0,57.2200813293457
2018-04-20,61.06999969482422,60.22999954223633,60.880001068115234,60.34000015258789,2980100.0,56.66599655151367
2018-04-23,60.630001068115234,59.560001373291016,60.5,59.849998474121094,2631600.0,56.20582962036133
2018-04-24,60.560001373291016,59.63999938964844,60.27000045776367,59.95000076293945,3630800.0,56.29974365234375
2018-04-25,60.209999084472656,59.54999923706055,60.029998779296875,60.0,2741600.0,56.34669876098633
2018-04-26,60.90999984741211,60.029998779296875,60.290000915527344,60.75,1459200.0,57.051029205322266
2018-04-27,61.91999816894531,60.75,60.81999969482422,61.58000183105469,2023600.0,57.83049774169922
2018-04-30,61.91999816894531,60.560001373291016,61.88999938964844,60.56999969482422,2070600.0,56.88199234008789
2018-05-01,61.31999969482422,60.130001068115234,60.59000015258789,61.220001220703125,1609100.0,57.49241638183594
2018-05-02,62.09000015258789,60.709999084472656,61.45000076293945,60.81999969482422,4351500.0,57.11677551269531
2018-05-03,62.0099983215332,60.380001068115234,60.380001068115234,61.66999816894531,2779500.0,57.91501235961914
2018-05-04,62.61000061035156,61.15999984741211,61.36000061035156,62.40999984741211,1472300.0,58.60995864868164
2018-05-07,62.810001373291016,61.7599983215332,62.38999938964844,62.560001373291016,1925600.0,58.75082778930664
2018-05-08,61.91999816894531,61.290000915527344,61.58000183105469,61.59000015258789,1428800.0,58.36231231689453
2018-05-09,62.369998931884766,61.5099983215332,61.75,62.209999084472656,1509200.0,58.949825286865234
2018-05-10,63.13999938964844,61.91999816894531,62.38999938964844,62.9900016784668,1467300.0,59.68894577026367
2018-05-11,63.5099983215332,62.7400016784668,62.93000030517578,63.34000015258789,1568100.0,60.020606994628906
2018-05-14,64.0,63.09000015258789,63.209999084472656,63.529998779296875,2777100.0,60.200645446777344
2018-05-15,64.31999969482422,62.97999954223633,63.310001373291016,64.2699966430664,2924500.0,60.901859283447266
2018-05-16,65.29000091552734,64.1500015258789,64.3499984741211,64.95999908447266,2057200.0,61.55570602416992
2018-05-17,65.12999725341797,64.19000244140625,64.81999969482422,64.41999816894531,2197900.0,61.044002532958984
2018-05-18,65.12000274658203,64.12999725341797,64.48999786376953,64.81999969482422,1700600.0,61.42304229736328
2018-05-21,65.31999969482422,64.80999755859375,65.12999725341797,65.12000274658203,1632500.0,61.70732879638672
2018-05-22,65.62999725341797,64.88999938964844,65.30000305175781,65.41999816894531,2235500.0,61.991600036621094
2018-05-23,65.58000183105469,64.58000183105469,64.95999908447266,65.56999969482422,1678000.0,62.133731842041016
2018-05-24,65.9000015258789,65.04000091552734,65.63999938964844,65.87000274658203,2127200.0,62.41801834106445
2018-05-25,66.36000061035156,65.80000305175781,65.94999694824219,65.9000015258789,1458900.0,62.446441650390625
2018-05-29,66.01000213623047,65.0999984741211,65.4800033569336,65.61000061035156,1385300.0,62.17164611816406
2018-05-30,66.33999633789062,65.37999725341797,65.94999694824219,65.95999908447266,2300200.0,62.503299713134766
2018-05-31,66.1500015258789,65.41000366210938,65.91000366210938,65.58000183105469,1976400.0,62.14321517944336
2018-06-01,66.58999633789062,65.93000030517578,65.9800033569336,66.4800033569336,1385400.0,62.99605178833008
2018-06-04,67.02999877929688,66.45999908447266,66.45999908447266,66.83000183105469,1874700.0,63.32770538330078
2018-06-05,67.25,66.69000244140625,66.83000183105469,67.0999984741211,1360000.0,63.58354949951172
2018-06-06,68.08999633789062,67.02999877929688,67.08000183105469,68.06999969482422,1727100.0,64.50273132324219
2018-06-07,68.11000061035156,67.19999694824219,67.95999908447266,67.62999725341797,2242000.0,64.08577728271484
2018-06-08,68.25,67.19000244140625,67.41999816894531,68.16999816894531,2740600.0,64.59748077392578
2018-06-11,68.44000244140625,68.0,68.1500015258789,68.13999938964844,1247700.0,64.56905364990234
2018-06-12,69.58999633789062,68.01000213623047,68.08999633789062,69.44999694824219,1851300.0,65.81040954589844
2018-06-13,69.83000183105469,68.86000061035156,69.41000366210938,69.5,2087700.0,65.85778045654297
2018-06-14,69.9800033569336,69.18000030517578,69.80999755859375,69.33999633789062,1819300.0,65.70616912841797
2018-06-15,69.9000015258789,68.61000061035156,69.26000213623047,69.77999877929688,3071700.0,66.12310791015625
2018-06-18,69.5199966430664,68.77999877929688,69.23999786376953,69.44999694824219,1334500.0,65.81040954589844
2018-06-19,69.4800033569336,68.8499984741211,68.88999938964844,69.44999694824219,1616800.0,65.81040954589844
2018-06-20,70.05999755859375,69.29000091552734,69.44999694824219,69.91999816894531,2311700.0,66.25576782226562
2018-06-21,70.16000366210938,69.48999786376953,69.76000213623047,69.70999908447266,1784600.0,66.05677032470703
2018-06-22,70.37999725341797,69.6500015258789,69.87000274658203,70.22000122070312,2270800.0,66.54004669189453
2018-06-25,70.11000061035156,68.68000030517578,69.83000183105469,69.68000030517578,2224900.0,66.0283432006836
2018-06-26,70.01000213623047,68.9000015258789,70.0,69.0,2559700.0,65.38397979736328
2018-06-27,69.26000213623047,66.6500015258789,69.26000213623047,66.88999938964844,4439200.0,63.38455581665039
2018-06-28,68.4000015258789,67.37000274658203,67.37000274658203,67.95999908447266,4872600.0,64.39848327636719
2018-06-29,69.1500015258789,67.30999755859375,67.73999786376953,68.3499984741211,4189700.0,64.76805114746094
2018-07-02,68.6500015258789,67.23999786376953,67.80000305175781,68.04000091552734,3214100.0,64.47428894042969
2018-07-03,68.83999633789062,67.62000274658203,68.18000030517578,67.77999877929688,1620500.0,64.2279281616211
2018-07-05,69.13999938964844,67.66999816894531,67.73999786376953,69.08000183105469,2502200.0,65.45978546142578
2018-07-06,69.83999633789062,68.9800033569336,69.0,69.79000091552734,2722200.0,66.13258361816406
2018-07-09,70.33000183105469,69.6500015258789,70.33000183105469,69.9800033569336,2448500.0,66.31262969970703
2018-07-10,70.0999984741211,69.44000244140625,69.91999816894531,69.69000244140625,1276800.0,66.0378189086914
2018-07-11,69.79000091552734,68.05999755859375,68.05999755859375,69.54000091552734,1571100.0,65.89568328857422
2018-07-12,70.41999816894531,69.86000061035156,70.12999725341797,70.37000274658203,1850000.0,66.68218994140625
2018-07-13,70.62000274658203,70.08000183105469,70.27999877929688,70.54000091552734,2170200.0,66.84326934814453
2018-07-16,70.98999786376953,69.83000183105469,70.86000061035156,69.9800033569336,2509100.0,66.31262969970703
2018-07-17,70.56999969482422,69.73999786376953,69.73999786376953,70.45999908447266,1759000.0,66.76746368408203
2018-07-18,70.45999908447266,69.5999984741211,70.45999908447266,69.9000015258789,1617000.0,66.23681640625
2018-07-19,70.6500015258789,69.72000122070312,69.81999969482422,70.48999786376953,1391300.0,66.79590606689453
2018-07-20,70.91999816894531,70.12999725341797,70.44000244140625,70.55000305175781,1437700.0,66.85275268554688
2018-07-23,70.9800033569336,70.41999816894531,70.4800033569336,70.86000061035156,2173100.0,67.14651489257812
2018-07-24,71.25,70.72000122070312,71.1500015258789,71.22000122070312,1886200.0,67.4876480102539
2018-07-25,72.06999969482422,71.19999694824219,71.19999694824219,72.0,2329800.0,68.22676086425781
2018-07-26,72.51000213623047,71.43000030517578,72.20999908447266,71.69000244140625,1875900.0,67.9330062866211
2018-07-27,71.8499984741211,70.45999908447266,71.75,70.93000030517578,2097500.0,67.21283721923828
2018-07-30,71.01000213623047,68.9800033569336,70.94000244140625,69.18000030517578,1993700.0,65.55455780029297
2018-07-31,69.08000183105469,68.37000274658203,68.9800033569336,69.0199966430664,3456100.0,65.93669128417969
2018-08-01,69.12999725341797,68.0999984741211,68.97000122070312,68.66999816894531,1717500.0,65.60231018066406
2018-08-02,69.47000122070312,68.19999694824219,68.48999786376953,69.30999755859375,1561100.0,66.21373748779297
2018-08-03,69.73999786376953,69.12999725341797,69.44000244140625,69.73999786376953,1204400.0,66.62451171875
2018-08-06,70.41999816894531,69.5999984741211,69.83000183105469,70.4000015258789,1348000.0,67.25505065917969
2018-08-07,71.2699966430664,70.3499984741211,70.41000366210938,71.19000244140625,1667500.0,68.00975036621094
2018-08-08,71.2300033569336,70.88999938964844,71.02999877929688,71.0999984741211,1241200.0,67.92376708984375
2018-08-09,71.66999816894531,71.12000274658203,71.2300033569336,71.25,1027100.0,68.06706237792969
2018-08-10,71.44000244140625,70.86000061035156,70.9000015258789,71.0199966430664,1118900.0,67.84733581542969
2018-08-13,71.69999694824219,70.91000366210938,71.25,71.16000366210938,1530500.0,67.9810791015625
2018-08-14,71.23999786376953,69.80999755859375,69.86000061035156,70.93000030517578,1958100.0,67.76136016845703
2018-08-15,71.2300033569336,70.30999755859375,70.51000213623047,71.13999938964844,1601800.0,67.96197509765625
2018-08-16,71.9800033569336,71.18000030517578,71.55000305175781,71.88999938964844,1191000.0,68.678466796875
2018-08-17,72.41999816894531,71.55999755859375,71.7699966430664,72.31999969482422,2977600.0,69.0892562866211
2018-08-20,72.69000244140625,71.73999786376953,72.5,72.33999633789062,1527300.0,69.10836791992188
2018-08-21,72.98999786376953,72.36000061035156,72.66000366210938,72.51000213623047,1984500.0,69.27076721191406
2018-08-22,72.69999694824219,72.0199966430664,72.2699966430664,72.58999633789062,1071100.0,69.34719848632812
2018-08-23,72.91999816894531,72.43000030517578,72.55999755859375,72.73999786376953,1401700.0,69.4905014038086
2018-08-24,73.04000091552734,72.31999969482422,72.98999786376953,72.98999786376953,1121300.0,69.72933959960938
2018-08-27,73.4000015258789,72.51000213623047,73.25,72.62999725341797,1300600.0,69.38540649414062
2018-08-28,72.83000183105469,70.83000183105469,70.83000183105469,72.38999938964844,1075600.0,69.15614318847656
2018-08-29,72.97000122070312,72.16000366210938,72.29000091552734,72.9000015258789,1103500.0,69.64335632324219
2018-08-30,73.12999725341797,72.52999877929688,72.52999877929688,72.87000274658203,1098000.0,69.61470031738281
2018-08-31,73.36000061035156,71.86000061035156,71.86000061035156,73.25,1548300.0,69.97771453857422
2018-09-04,73.22000122070312,72.29000091552734,73.16000366210938,73.08000183105469,1531200.0,69.81531524658203
2018-09-05,73.9000015258789,72.79000091552734,73.06999969482422,73.81999969482422,2105100.0,70.52225494384766
2018-09-06,74.73999786376953,73.3499984741211,73.62999725341797,74.61000061035156,1807100.0,71.2769546508789
2018-09-07,74.66999816894531,73.91999816894531,74.36000061035156,74.04000091552734,1522300.0,70.73242950439453
2018-09-10,74.91999816894531,73.94000244140625,74.91999816894531,74.20999908447266,1294100.0,70.89483642578125
2018-09-11,74.61000061035156,74.0,74.0999984741211,74.55000305175781,1027000.0,71.21965026855469
2018-09-12,74.51000213623047,73.7300033569336,74.4800033569336,74.12000274658203,1362400.0,70.80885314941406
2018-09-13,74.80999755859375,74.37999725341797,74.66000366210938,74.63999938964844,1440300.0,71.30561828613281
2018-09-14,74.83000183105469,74.29000091552734,74.83000183105469,74.37999725341797,1111500.0,71.05724334716797
2018-09-17,74.54000091552734,74.0199966430664,74.37999725341797,74.2300033569336,1221700.0,70.9139404296875
2018-09-18,74.8499984741211,74.33999633789062,74.36000061035156,74.62999725341797,1237800.0,71.29606628417969
2018-09-19,74.77999877929688,73.62999725341797,74.63999938964844,73.98999786376953,1296600.0,70.68466186523438
2018-09-20,74.80000305175781,74.02999877929688,74.05000305175781,74.76000213623047,953200.0,71.42027282714844
2018-09-21,75.56999969482422,74.69999694824219,75.05000305175781,75.25,4077100.0,71.88838195800781
2018-09-24,74.9800033569336,74.2300033569336,74.70999908447266,74.54000091552734,1548200.0,71.21009826660156
2018-09-25,75.7300033569336,72.79000091552734,74.80999755859375,73.72000122070312,5429700.0,70.42672729492188
2018-09-26,74.2300033569336,73.30999755859375,73.87000274658203,73.58999633789062,1977700.0,70.30252075195312
2018-09-27,74.3499984741211,73.37000274658203,73.5999984741211,73.44999694824219,1465300.0,70.16878509521484
2018-09-28,73.80999755859375,73.41000366210938,73.5199966430664,73.6500015258789,2089600.0,70.35984802246094
2018-10-01,74.44999694824219,73.44999694824219,74.01000213623047,73.72000122070312,2273500.0,70.42672729492188
2018-10-02,76.0199966430664,72.30000305175781,73.51000213623047,74.77999877929688,5882000.0,71.43936920166016
2018-10-03,75.0199966430664,72.91999816894531,75.01000213623047,73.19999694824219,3067200.0,69.92994689941406
2018-10-04,73.0,71.68000030517578,72.91999816894531,72.38999938964844,2455900.0,69.15614318847656
2018-10-05,73.29000091552734,72.0199966430664,72.47000122070312,72.94000244140625,1978000.0,69.68157958984375
2018-10-08,72.95999908447266,71.81999969482422,72.61000061035156,72.36000061035156,2030500.0,69.12748718261719
2018-10-09,73.48999786376953,72.20999908447266,72.55000305175781,72.5,1522200.0,69.26121520996094
2018-10-10,72.48999786376953,69.44999694824219,72.48999786376953,69.51000213623047,2680900.0,66.40480041503906
2018-10-11,69.9000015258789,67.12999725341797,69.5,67.52999877929688,4025500.0,64.51324462890625
2018-10-12,69.1500015258789,67.37000274658203,68.5,68.26000213623047,2926400.0,65.21063995361328
2018-10-15,68.66999816894531,67.75,68.19000244140625,68.0199966430664,2240100.0,64.98133850097656
2018-10-16,69.12999725341797,68.20999908447266,68.55999755859375,68.88999938964844,2996500.0,65.81248474121094
2018-10-17,69.9000015258789,68.18000030517578,69.01000213623047,68.88999938964844,3770300.0,65.81248474121094
2018-10-18,69.62999725341797,67.95999908447266,68.94999694824219,68.02999877929688,2850600.0,64.99090576171875
2018-10-19,69.08999633789062,67.87000274658203,68.51000213623047,67.94000244140625,2365000.0,64.90492248535156
2018-10-22,68.44000244140625,67.52999877929688,68.25,67.56999969482422,1988800.0,64.55146026611328
2018-10-23,67.36000061035156,65.38999938964844,67.36000061035156,66.1500015258789,3260200.0,63.194889068603516
2018-10-24,66.33000183105469,64.0199966430664,66.0999984741211,64.16000366210938,3454200.0,61.293792724609375
2018-10-25,65.26000213623047,63.939998626708984,64.86000061035156,64.91999816894531,3217900.0,62.01984405517578
2018-10-26,64.73999786376953,63.0099983215332,63.5099983215332,64.01000213623047,2862500.0,61.15049743652344
2018-10-29,65.22000122070312,62.88999938964844,64.80000305175781,63.91999816894531,2096100.0,61.06451416015625
2018-10-30,64.70999908447266,63.689998626708984,64.01000213623047,64.62999725341797,2598000.0,61.74279022216797
2018-10-31,66.30000305175781,64.75,64.79000091552734,65.48999786376953,3504200.0,63.11121368408203
2018-11-01,65.69000244140625,64.73999786376953,65.43000030517578,64.98999786376953,2138100.0,62.6293830871582
2018-11-02,65.63999938964844,64.58000183105469,65.12999725341797,65.48999786376953,2659900.0,63.11121368408203
2018-11-05,66.56999969482422,65.33000183105469,65.54000091552734,66.27999877929688,2471400.0,63.87252426147461
2018-11-06,67.2300033569336,66.29000091552734,66.29000091552734,67.18000030517578,1828200.0,64.73983764648438
2018-11-07,68.52999877929688,67.48999786376953,67.7300033569336,68.4800033569336,1792800.0,65.99261474609375
2018-11-08,69.2699966430664,68.38999938964844,68.58000183105469,69.0,1854500.0,66.49372863769531
2018-11-09,69.19000244140625,68.29000091552734,68.66999816894531,69.0199966430664,1370200.0,66.51300811767578
2018-11-12,69.04000091552734,67.86000061035156,68.83999633789062,67.95999908447266,1689000.0,65.49150848388672
2018-11-13,69.41000366210938,67.37000274658203,69.41000366210938,67.75,1729400.0,65.28912353515625
2018-11-14,68.87000274658203,66.5999984741211,67.88999938964844,66.72000122070312,2812300.0,64.29654693603516
2018-11-15,68.0999984741211,65.88999938964844,66.19000244140625,67.94000244140625,2798400.0,65.47222137451172
2018-11-16,69.02999877929688,67.33000183105469,67.80999755859375,68.8499984741211,2016300.0,66.34917449951172
2018-11-19,69.08000183105469,67.58000183105469,68.69000244140625,68.41000366210938,2236300.0,65.92516326904297
2018-11-20,68.25,66.94999694824219,68.08999633789062,67.30000305175781,1893000.0,64.85548400878906
2018-11-21,67.94999694824219,66.76000213623047,67.66999816894531,67.33000183105469,2046500.0,64.88439178466797
2018-11-23,67.91000366210938,66.51000213623047,66.73999786376953,67.26000213623047,892000.0,64.81693267822266
2018-11-26,68.45999908447266,67.36000061035156,68.29000091552734,68.41000366210938,2630700.0,65.92516326904297
2018-11-27,69.18000030517578,67.8499984741211,68.12999725341797,69.16000366210938,1590600.0,66.64791107177734
2018-11-28,70.86000061035156,69.0999984741211,69.22000122070312,70.8499984741211,2343400.0,68.27651977539062
2018-11-29,70.61000061035156,69.83999633789062,70.31999969482422,69.91999816894531,2250500.0,67.38031005859375
2018-11-30,70.98999786376953,69.80000305175781,70.1500015258789,70.76000213623047,3417500.0,68.18980407714844
2018-12-03,71.75,69.83999633789062,71.55000305175781,71.01000213623047,2103600.0,68.43071746826172
2018-12-04,71.2699966430664,69.11000061035156,70.91000366210938,69.30000305175781,2588000.0,66.78282928466797
2018-12-06,69.30000305175781,67.23999786376953,68.0999984741211,69.16999816894531,2514900.0,66.65754699707031
2018-12-07,69.33000183105469,66.4000015258789,68.8499984741211,67.68000030517578,2168700.0,65.2216796875
2018-12-10,68.44000244140625,66.79000091552734,67.69999694824219,68.12000274658203,2114600.0,65.64569854736328
2018-12-11,69.94000244140625,67.55000305175781,68.7300033569336,68.13999938964844,1852200.0,65.66496276855469
2018-12-12,69.41000366210938,68.08000183105469,69.22000122070312,68.12000274658203,1619500.0,65.64569854736328
2018-12-13,68.51000213623047,66.73999786376953,68.48999786376953,67.37999725341797,2225800.0,64.93256378173828
2018-12-14,67.12000274658203,65.69999694824219,66.9000015258789,65.9000015258789,1981600.0,63.506324768066406
2018-12-17,66.58000183105469,64.52999877929688,66.01000213623047,64.94999694824219,3204900.0,62.59083557128906
2018-12-18,65.7699966430664,63.95000076293945,65.25,64.31999969482422,3114000.0,61.98372268676758
2018-12-19,66.63999938964844,63.630001068115234,64.76000213623047,64.76000213623047,3787700.0,62.40773391723633
2018-12-20,65.70999908447266,63.529998779296875,64.5199966430664,64.95999908447266,4426500.0,62.60047149658203
2018-12-21,66.86000061035156,63.66999816894531,65.62999725341797,63.84000015258789,4957800.0,61.521156311035156
2018-12-24,63.70000076293945,61.61000061035156,63.47999954223633,61.63999938964844,1626100.0,59.401065826416016
2018-12-26,64.37000274658203,61.31999969482422,62.040000915527344,64.31999969482422,2474300.0,61.98372268676758
2018-12-27,65.22000122070312,62.86000061035156,63.439998626708984,65.19999694824219,1743600.0,62.83175277709961
2018-12-28,65.83000183105469,64.44000244140625,65.41000366210938,64.66999816894531,1731300.0,62.321006774902344
2018-12-31,65.41000366210938,64.51000213623047,65.18000030517578,65.1500015258789,1599800.0,62.783573150634766
2019-01-02,65.27999877929688,63.33000183105469,64.08000183105469,65.06999969482422,2589400.0,62.70647430419922
2019-01-03,65.06999969482422,63.880001068115234,64.38999938964844,63.970001220703125,2231000.0,61.64643096923828
2019-01-04,66.41999816894531,64.86000061035156,65.13999938964844,66.19999694824219,2137200.0,63.79542541503906
2019-01-07,66.56999969482422,65.63999938964844,66.0,65.8499984741211,1708100.0,63.45813751220703
2019-01-08,66.8499984741211,65.48999786376953,66.70999908447266,66.3499984741211,1746800.0,63.939979553222656
2019-01-09,66.66999816894531,65.94000244140625,66.33999633789062,66.30999755859375,1665000.0,63.901432037353516
2019-01-10,67.44999694824219,66.01000213623047,66.19999694824219,67.41000366210938,1567700.0,64.96147918701172
2019-01-11,67.44999694824219,66.5999984741211,67.1500015258789,67.29000091552734,1606900.0,64.84583282470703
2019-01-14,67.41000366210938,66.70999908447266,66.86000061035156,67.2300033569336,1245900.0,64.78801727294922
2019-01-15,68.37000274658203,67.30000305175781,67.5,68.13999938964844,1759400.0,65.66496276855469
2019-01-16,68.69000244140625,67.97000122070312,68.26000213623047,68.4800033569336,2000900.0,65.99261474609375
2019-01-17,69.05000305175781,68.25,68.30000305175781,68.75,1614200.0,66.2528076171875
2019-01-18,70.06999969482422,68.88999938964844,69.5199966430664,69.9000015258789,2190100.0,67.36103820800781
2019-01-22,69.80000305175781,68.81999969482422,69.38999938964844,69.4000015258789,1539100.0,66.87920379638672
2019-01-23,69.9000015258789,68.9800033569336,69.63999938964844,69.83999633789062,1756800.0,67.30321502685547
2019-01-24,69.98999786376953,69.37999725341797,69.94000244140625,69.62000274658203,1939200.0,67.09121704101562
2019-01-25,70.51000213623047,69.75,70.27999877929688,70.38999938964844,1884000.0,67.83323669433594
2019-01-28,70.16999816894531,69.63999938964844,69.86000061035156,70.0,1734500.0,67.45740509033203
2019-01-29,70.22000122070312,69.4000015258789,70.16000366210938,69.7300033569336,1362500.0,67.19721984863281
2019-01-30,71.16999816894531,69.80000305175781,70.0,71.13999938964844,2508800.0,68.55599212646484
2019-01-31,70.95999908447266,70.12999725341797,70.58000183105469,70.80000305175781,2959500.0,68.76968383789062
2019-02-01,71.91000366210938,70.94000244140625,70.94000244140625,71.87999725341797,1960700.0,69.81871795654297
2019-02-04,72.56999969482422,71.33000183105469,72.01000213623047,72.47000122070312,3455900.0,70.39179992675781
2019-02-05,73.76000213623047,72.47000122070312,72.8499984741211,73.73999786376953,2909400.0,71.62538146972656
2019-02-06,73.80000305175781,73.26000213623047,73.58999633789062,73.69999694824219,2249900.0,71.5865249633789
2019-02-07,73.79000091552734,72.8499984741211,72.95999908447266,73.76000213623047,2392700.0,71.6447982788086
2019-02-08,74.27999877929688,72.94000244140625,73.25,74.26000213623047,1490700.0,72.13046264648438
2019-02-11,74.5,73.86000061035156,74.41000366210938,74.05000305175781,2058300.0,71.9264907836914
2019-02-12,75.0199966430664,74.47000122070312,74.98999786376953,74.83000183105469,2496000.0,72.68412780761719
2019-02-13,75.29000091552734,74.83999633789062,75.05999755859375,75.25,2511000.0,73.09207916259766
2019-02-14,75.48999786376953,74.66000366210938,74.9000015258789,75.16999816894531,1507500.0,73.01437377929688
2019-02-15,76.01000213623047,75.56999969482422,75.7300033569336,75.77999877929688,2838100.0,73.60687255859375
2019-02-19,75.66999816894531,75.0999984741211,75.55000305175781,75.12999725341797,1651500.0,72.97551727294922
2019-02-20,75.33000183105469,74.5999984741211,74.88999938964844,75.31999969482422,1974700.0,73.16007232666016
2019-02-21,75.5999984741211,74.79000091552734,75.19999694824219,75.3499984741211,1605700.0,73.18920135498047
2019-02-22,76.06999969482422,75.27999877929688,75.62999725341797,75.88999938964844,1731100.0,73.7137222290039
2019-02-25,76.48999786376953,75.62000274658203,76.41000366210938,75.83999633789062,1748000.0,73.66515350341797
2019-02-26,76.30999755859375,75.69999694824219,75.73999786376953,76.08000183105469,1218900.0,73.89827728271484
2019-02-27,76.55000305175781,75.58999633789062,75.80000305175781,76.5199966430664,1276600.0,74.32564544677734
2019-02-28,77.05000305175781,76.30000305175781,76.41000366210938,77.0199966430664,1924200.0,74.81132507324219
2019-03-01,77.56999969482422,77.04000091552734,77.36000061035156,77.43000030517578,1952400.0,75.20956420898438
2019-03-04,78.0,75.66999816894531,77.7699966430664,76.5,2658300.0,74.30622863769531
2019-03-05,77.25,76.44999694824219,76.62999725341797,77.01000213623047,1659400.0,74.8016128540039
2019-03-06,77.20999908447266,76.58000183105469,77.11000061035156,76.81999969482422,1710900.0,74.61705780029297
2019-03-07,76.93000030517578,76.0199966430664,76.70999908447266,76.19999694824219,2599200.0,74.01483154296875
2019-03-08,76.4000015258789,75.0999984741211,75.83000183105469,76.33999633789062,1580100.0,74.15081787109375
2019-03-11,77.58000183105469,76.5199966430664,76.61000061035156,77.5199966430664,1727400.0,75.29698181152344
2019-03-12,78.36000061035156,77.56999969482422,77.79000091552734,77.73999786376953,1922600.0,75.51066589355469
2019-03-13,78.87000274658203,77.94000244140625,78.06999969482422,78.2699966430664,1844600.0,76.02547454833984
2019-03-14,79.0,78.12999725341797,78.44000244140625,78.98999786376953,1567100.0,76.72481536865234
2019-03-15,79.54000091552734,78.83999633789062,78.9800033569336,79.2300033569336,2567600.0,76.95794677734375
2019-03-18,79.55999755859375,78.66000366210938,79.27999877929688,79.31999969482422,1242700.0,77.04536437988281
2019-03-19,79.66999816894531,78.72000122070312,79.66000366210938,79.11000061035156,1541700.0,76.84138488769531
2019-03-20,79.1500015258789,78.1500015258789,78.94000244140625,78.43000030517578,1795800.0,76.1808853149414
2019-03-21,79.79000091552734,78.08000183105469,78.16999816894531,79.5199966430664,1655900.0,77.2396240234375
2019-03-22,79.51000213623047,78.4000015258789,79.29000091552734,78.44000244140625,2462900.0,76.19060516357422
2019-03-25,78.80999755859375,77.88999938964844,78.13999938964844,78.73999786376953,1613900.0,76.48198699951172
2019-03-26,80.16999816894531,79.1500015258789,79.30000305175781,80.0999984741211,2509900.0,77.80298614501953
2019-03-27,80.73999786376953,77.72000122070312,79.2699966430664,79.26000213623047,4368400.0,76.98707580566406
2019-03-28,79.77999877929688,78.5999984741211,79.41000366210938,79.05000305175781,2184300.0,76.78311157226562
2019-03-29,80.37000274658203,79.16000366210938,79.6500015258789,80.19999694824219,2738900.0,77.9001235961914
2019-04-01,81.02999877929688,80.08000183105469,80.75,80.93000030517578,1723500.0,78.60919189453125
2019-04-02,81.08000183105469,80.38999938964844,80.88999938964844,81.0199966430664,2425200.0,78.69660949707031
2019-04-03,81.58999633789062,80.62000274658203,81.43000030517578,81.08000183105469,2948300.0,78.75489807128906
2019-04-04,81.29000091552734,80.05000305175781,81.26000213623047,80.4000015258789,1872300.0,78.09439086914062
2019-04-05,80.94000244140625,80.31999969482422,80.66999816894531,80.73999786376953,2021700.0,78.42463684082031
2019-04-08,80.93000030517578,79.97000122070312,80.7300033569336,80.81999969482422,1468700.0,78.50234985351562
2019-04-09,81.05000305175781,80.0999984741211,80.52999877929688,80.75,1348800.0,78.43435668945312
2019-04-10,81.29000091552734,80.66999816894531,80.68000030517578,81.13999938964844,976100.0,78.81316375732422
2019-04-11,81.48999786376953,81.0,81.38999938964844,81.3499984741211,1422800.0,79.01714324951172
2019-04-12,82.20999908447266,81.26000213623047,81.63999938964844,82.16000366210938,1009800.0,79.80392456054688
2019-04-15,82.4800033569336,81.93000030517578,82.16999816894531,82.37000274658203,896100.0,80.00790405273438
2019-04-16,82.63999938964844,81.36000061035156,82.63999938964844,81.58999633789062,1262500.0,79.2502670288086
2019-04-17,82.0199966430664,81.51000213623047,81.79000091552734,81.55999755859375,1189600.0,79.22112274169922
2019-04-18,82.12000274658203,81.0999984741211,82.12000274658203,81.58999633789062,1224800.0,79.2502670288086
2019-04-22,81.69000244140625,81.19000244140625,81.31999969482422,81.61000061035156,1080600.0,79.26969146728516
2019-04-23,83.61000061035156,81.33000183105469,81.41000366210938,83.58000183105469,1913000.0,81.1832046508789
2019-04-24,84.0199966430664,83.30000305175781,83.6500015258789,83.4800033569336,1415500.0,81.08606719970703
2019-04-25,83.5,82.48999786376953,83.44000244140625,83.2300033569336,1569100.0,80.84323120117188
2019-04-26,83.83000183105469,82.9800033569336,83.55999755859375,83.79000091552734,1017300.0,81.38717651367188
2019-04-29,84.08999633789062,83.5,83.7300033569336,83.61000061035156,1497500.0,81.21233367919922
2019-04-30,84.38999938964844,82.83999633789062,83.70999908447266,84.30999755859375,2182200.0,81.89226531982422
2019-05-01,84.5,81.91999816894531,84.5,81.97000122070312,2232200.0,79.61936950683594
2019-05-02,83.11000061035156,81.83000183105469,81.9800033569336,82.77999877929688,2358800.0,80.40614318847656
2019-05-03,84.81999969482422,83.06999969482422,83.2300033569336,84.61000061035156,1610900.0,82.18366241455078
2019-05-06,84.8499984741211,82.69000244140625,83.12000274658203,84.66999816894531,1300700.0,82.241943359375
2019-05-07,84.44999694824219,82.86000061035156,83.75,83.4800033569336,2364800.0,81.08606719970703
2019-05-08,84.48999786376953,83.1500015258789,83.4000015258789,84.19000244140625,1268000.0,81.77570343017578
2019-05-09,84.44000244140625,83.25,83.37000274658203,84.30999755859375,2119400.0,81.89226531982422
2019-05-10,85.16999816894531,83.05999755859375,84.04000091552734,85.08000183105469,1591500.0,82.64018249511719
2019-05-13,84.19000244140625,83.08000183105469,83.33000183105469,83.55999755859375,2468700.0,81.16376495361328
2019-05-14,84.83000183105469,82.94000244140625,82.9800033569336,84.19000244140625,2116000.0,82.38700103759766
2019-05-15,85.18000030517578,83.75,83.76000213623047,85.05000305175781,1447200.0,83.22859191894531
2019-05-16,86.9800033569336,85.05000305175781,85.16000366210938,86.63999938964844,1672800.0,84.78453826904297
2019-05-17,86.8499984741211,85.77999877929688,86.12000274658203,86.2699966430664,1673000.0,84.4224624633789
2019-05-20,86.63999938964844,84.91000366210938,85.63999938964844,86.16000366210938,1130500.0,84.3148193359375
2019-05-21,87.2699966430664,86.16000366210938,86.69999694824219,87.11000061035156,1265300.0,85.24447631835938
2019-05-22,87.75,86.87999725341797,86.95999908447266,87.1500015258789,1168700.0,85.28361511230469
2019-05-23,86.58999633789062,85.56999969482422,86.37000274658203,86.05999755859375,1948400.0,84.21695709228516
2019-05-24,86.95999908447266,85.94999694824219,86.48999786376953,86.16999816894531,1377800.0,84.32459259033203
2019-05-28,87.1500015258789,85.97000122070312,86.5199966430664,86.16999816894531,2608700.0,84.32459259033203
2019-05-29,85.98999786376953,85.06999969482422,85.79000091552734,85.68000030517578,1774400.0,83.8450927734375
2019-05-30,86.38999938964844,85.1500015258789,85.6500015258789,86.23999786376953,1749400.0,84.39309692382812
2019-05-31,86.05999755859375,85.16000366210938,85.80999755859375,85.79000091552734,1596600.0,83.9527359008789
2019-06-03,86.47000122070312,83.97000122070312,85.94999694824219,84.43000030517578,2154500.0,82.62186431884766
2019-06-04,85.45999908447266,84.5199966430664,85.30999755859375,85.36000061035156,2546400.0,83.53194427490234
2019-06-05,86.5199966430664,85.68000030517578,86.12000274658203,86.43000030517578,2554500.0,84.57903289794922
2019-06-06,87.16000366210938,85.69999694824219,86.66000366210938,87.08999633789062,1393600.0,85.22489929199219
2019-06-07,88.29000091552734,87.38999938964844,87.5199966430664,87.5999984741211,1516700.0,85.7239761352539
2019-06-10,88.37999725341797,87.6500015258789,87.87000274658203,87.80000305175781,1121700.0,85.91969299316406
2019-06-11,88.43000030517578,86.72000122070312,88.43000030517578,87.05000305175781,1460600.0,85.18576049804688
2019-06-12,87.44000244140625,86.98999786376953,87.0999984741211,87.2699966430664,1172900.0,85.40103912353516
2019-06-13,87.79000091552734,86.69000244140625,87.6500015258789,86.93000030517578,1448300.0,85.06832122802734
2019-06-14,87.05000305175781,86.55000305175781,86.94999694824219,86.68000030517578,1251400.0,84.82368469238281
2019-06-17,87.5199966430664,86.22000122070312,87.5199966430664,86.27999877929688,1326900.0,84.43223571777344
2019-06-18,87.47000122070312,86.58999633789062,86.9800033569336,86.86000061035156,1936200.0,84.99982452392578
2019-06-19,87.38999938964844,86.01000213623047,87.02999877929688,87.13999938964844,1633100.0,85.2738265991211
2019-06-20,88.1500015258789,87.26000213623047,87.73999786376953,87.55999755859375,1938200.0,85.68482971191406
2019-06-21,87.7300033569336,86.41999816894531,87.5199966430664,86.5199966430664,2904400.0,84.66710662841797
2019-06-24,86.87999725341797,86.1500015258789,86.66999816894531,86.18000030517578,1392200.0,84.33438873291016
2019-06-25,86.12000274658203,84.73999786376953,86.01000213623047,84.80000305175781,2581400.0,82.98394775390625
2019-06-26,84.2699966430664,81.2699966430664,84.0199966430664,81.7699966430664,5978700.0,80.01882934570312
2019-06-27,82.29000091552734,81.41999816894531,81.91999816894531,82.0999984741211,3631100.0,80.34175872802734
2019-06-28,82.33999633789062,81.5999984741211,82.05999755859375,82.29000091552734,4047500.0,80.52769470214844
2019-07-01,83.66000366210938,82.37000274658203,83.30999755859375,83.51000213623047,3782400.0,81.72157287597656
2019-07-02,85.02999877929688,81.69999694824219,83.0,83.62999725341797,4224500.0,81.83899688720703
2019-07-03,84.73999786376953,83.63999938964844,83.6500015258789,84.5999984741211,1442500.0,82.78822326660156
2019-07-05,85.41999816894531,83.55999755859375,84.05000305175781,85.30999755859375,2182000.0,83.48301696777344
2019-07-08,85.31999969482422,84.69000244140625,85.02999877929688,84.8499984741211,1783000.0,83.03287506103516
2019-07-09,85.31999969482422,83.8499984741211,84.56999969482422,85.20999908447266,1948100.0,83.38516235351562
2019-07-10,85.95999908447266,85.30000305175781,85.33999633789062,85.45999908447266,2213500.0,83.62979888916016
2019-07-11,85.66999816894531,84.93000030517578,85.54000091552734,85.33000183105469,1759200.0,83.5025863647461
2019-07-12,85.79000091552734,85.0,85.66000366210938,85.72000122070312,1747200.0,83.88423919677734
2019-07-15,85.98999786376953,85.37000274658203,85.91000366210938,85.7300033569336,1525700.0,83.89403533935547
2019-07-16,86.05000305175781,85.30999755859375,85.72000122070312,85.66000366210938,1118800.0,83.82552337646484
2019-07-17,85.94999694824219,85.19999694824219,85.83999633789062,85.2300033569336,1142800.0,83.40473175048828
2019-07-18,85.69999694824219,84.48999786376953,85.06999969482422,85.58999633789062,1373900.0,83.75701904296875
2019-07-19,86.1500015258789,84.52999877929688,85.9000015258789,84.55999755859375,1508300.0,82.74907684326172
2019-07-22,85.05000305175781,84.05999755859375,84.6500015258789,84.08999633789062,1733400.0,82.28914642333984
2019-07-23,84.95999908447266,83.6500015258789,84.44000244140625,84.62000274658203,2005100.0,82.80779266357422
2019-07-24,85.08000183105469,83.75,84.5,85.05000305175781,1621400.0,83.22859191894531
2019-07-25,85.58000183105469,84.55999755859375,85.0999984741211,85.41999816894531,1726900.0,83.59066009521484
2019-07-26,86.6500015258789,85.58999633789062,85.80999755859375,86.58000183105469,1113300.0,84.72581481933594
2019-07-29,86.7300033569336,86.18000030517578,86.5999984741211,86.2300033569336,1309500.0,84.3833236694336
2019-07-30,86.73999786376953,85.75,85.83000183105469,86.13999938964844,2181500.0,84.29524230957031
2019-07-31,86.29000091552734,82.30000305175781,86.01000213623047,83.05000305175781,2844200.0,81.8606185913086
2019-08-01,84.47000122070312,82.80000305175781,83.12000274658203,83.87999725341797,2216800.0,82.67872619628906
2019-08-02,84.47000122070312,83.0,83.36000061035156,83.93000030517578,1869900.0,82.72801208496094
2019-08-05,83.05999755859375,80.36000061035156,82.7300033569336,80.87999725341797,2561500.0,79.72168731689453
2019-08-06,82.5999984741211,80.63999938964844,81.05000305175781,82.2699966430664,2222400.0,81.09178161621094
2019-08-07,82.58999633789062,80.66000366210938,81.2300033569336,82.25,2307300.0,81.07207489013672
2019-08-08,84.41000366210938,81.01000213623047,82.61000061035156,84.41000366210938,1460900.0,83.20114135742188
2019-08-09,84.27999877929688,82.70999908447266,84.20999908447266,83.55000305175781,1353100.0,82.35346221923828
2019-08-12,83.58999633789062,82.33999633789062,83.41000366210938,82.80000305175781,1109200.0,81.61420440673828
2019-08-13,83.87999725341797,82.58000183105469,82.9000015258789,83.7300033569336,1325300.0,82.53087615966797
2019-08-14,82.94999694824219,80.97000122070312,82.68000030517578,81.05999755859375,1685700.0,79.89910888671875
2019-08-15,80.86000061035156,79.6500015258789,79.77999877929688,80.08999633789062,2072200.0,78.94300079345703
2019-08-16,81.66999816894531,80.5999984741211,80.81999969482422,81.47000122070312,1715800.0,80.30323791503906
2019-08-19,82.5199966430664,81.88999938964844,82.45999908447266,82.29000091552734,1036700.0,81.11150360107422
2019-08-20,82.66999816894531,81.79000091552734,82.33999633789062,81.94999694824219,790800.0,80.7763671875
2019-08-21,82.77999877929688,82.19999694824219,82.37000274658203,82.5199966430664,998000.0,81.33820343017578
2019-08-22,82.91999816894531,81.25,82.91999816894531,82.25,1254500.0,81.07207489013672
2019-08-23,82.43000030517578,79.37000274658203,82.0999984741211,79.72000122070312,1708700.0,78.57830810546875
2019-08-26,80.75,79.66000366210938,80.58000183105469,80.44999694824219,1314500.0,79.2978515625
2019-08-27,81.22000122070312,80.45999908447266,80.91999816894531,80.66000366210938,947900.0,79.50485229492188
2019-08-28,81.13999938964844,79.94999694824219,80.2699966430664,81.02999877929688,974000.0,79.86954498291016
2019-08-29,82.30999755859375,81.61000061035156,81.95999908447266,81.86000061035156,794800.0,80.68766021728516
2019-08-30,82.41000366210938,81.27999877929688,82.37999725341797,81.69999694824219,1271800.0,80.52994537353516
2019-09-03,82.05000305175781,80.69999694824219,81.08999633789062,81.0,1452200.0,79.8399658203125
2019-09-04,82.48999786376953,81.66999816894531,81.75,82.38999938964844,1368500.0,81.2100601196289
2019-09-05,83.91000366210938,82.9000015258789,83.20999908447266,83.80000305175781,1793700.0,82.5998764038086
2019-09-06,84.48999786376953,83.8499984741211,83.87999725341797,84.06999969482422,1261900.0,82.86600494384766
2019-09-09,84.47000122070312,81.12999725341797,84.30000305175781,81.80999755859375,1820500.0,80.63836669921875
2019-09-10,81.5,78.80999755859375,81.20999908447266,80.73999786376953,3050200.0,79.58369445800781
2019-09-11,81.44000244140625,80.0999984741211,80.73999786376953,81.25,1876600.0,80.08639526367188
2019-09-12,82.72000122070312,81.54000091552734,81.72000122070312,81.69000244140625,1804600.0,80.52009582519531
2019-09-13,82.58000183105469,81.2699966430664,81.69999694824219,81.62000274658203,2430200.0,80.45109558105469
2019-09-16,81.98999786376953,80.87000274658203,81.41000366210938,81.05999755859375,1468900.0,79.89910888671875
2019-09-17,82.56999969482422,81.5,81.51000213623047,82.55000305175781,1312100.0,81.3677749633789
2019-09-18,82.87000274658203,81.55999755859375,82.55999755859375,82.7699966430664,1114100.0,81.5846176147461
2019-09-19,83.62999725341797,82.37000274658203,82.8499984741211,82.5,1123000.0,81.31849670410156
2019-09-20,83.48999786376953,82.45999908447266,82.58000183105469,82.54000091552734,2453100.0,81.35791778564453
2019-09-23,82.86000061035156,82.06999969482422,82.66000366210938,82.19999694824219,1199400.0,81.02278900146484
2019-09-24,83.26000213623047,81.44999694824219,82.44999694824219,81.66999816894531,1396500.0,80.50037384033203
2019-09-25,82.68000030517578,80.66000366210938,81.70999908447266,82.26000213623047,1398800.0,81.08192443847656
2019-09-26,82.87000274658203,81.98999786376953,82.31999969482422,82.56999969482422,933000.0,81.38748931884766
2019-09-27,83.5,80.94999694824219,83.0,81.5199966430664,1541100.0,80.35252380371094
2019-09-30,82.88999938964844,81.55000305175781,81.94999694824219,82.7699966430664,1495500.0,81.5846176147461
2019-10-01,83.5999984741211,81.6500015258789,83.1500015258789,81.88999938964844,1833300.0,80.71722412109375
2019-10-02,83.9000015258789,81.33000183105469,82.80000305175781,83.3499984741211,3862500.0,82.15631103515625
2019-10-03,83.3499984741211,80.0,83.13999938964844,82.55999755859375,2168600.0,81.37762451171875
2019-10-04,84.48999786376953,82.68000030517578,83.01000213623047,84.3499984741211,1767000.0,83.1419906616211
2019-10-07,84.08000183105469,82.88999938964844,83.83999633789062,82.93000030517578,1399100.0,81.7423324584961
2019-10-08,83.08000183105469,81.79000091552734,82.62000274658203,82.08000183105469,1346700.0,80.90451049804688
2019-10-09,83.43000030517578,82.16999816894531,82.16999816894531,83.0999984741211,1332000.0,81.90989685058594
2019-10-10,84.22000122070312,82.80999755859375,82.98999786376953,83.94000244140625,1069500.0,82.73786926269531
2019-10-11,85.41999816894531,84.55999755859375,84.88999938964844,84.62999725341797,1367300.0,83.41798400878906
2019-10-14,85.0,84.51000213623047,84.55999755859375,84.69999694824219,991800.0,83.48697662353516
2019-10-15,85.0,84.31999969482422,84.72000122070312,84.86000061035156,1004400.0,83.64469146728516
2019-10-16,84.8499984741211,84.0,84.27999877929688,84.75,1160800.0,83.53627014160156
2019-10-17,85.41000366210938,84.51000213623047,84.8499984741211,84.7300033569336,1092600.0,83.51655578613281
2019-10-18,85.4000015258789,84.0,84.98999786376953,84.25,1570300.0,83.04342651367188
2019-10-21,84.80999755859375,83.83000183105469,84.80999755859375,84.68000030517578,1066900.0,83.46727752685547
2019-10-22,85.26000213623047,83.18000030517578,84.80999755859375,83.2699966430664,1098500.0,82.07746124267578
2019-10-23,84.08999633789062,83.06999969482422,83.16999816894531,84.06999969482422,1495100.0,82.86600494384766
2019-10-24,84.80999755859375,83.69000244140625,84.08999633789062,84.69999694824219,1002100.0,83.48697662353516
2019-10-25,84.97000122070312,84.08999633789062,84.29000091552734,84.52999877929688,923400.0,83.31941986083984
2019-10-28,85.08000183105469,84.05000305175781,85.02999877929688,84.41999816894531,1033700.0,83.21099090576172
2019-10-29,85.12000274658203,84.37999725341797,84.61000061035156,84.55000305175781,1155300.0,83.3391342163086
2019-10-30,84.75,83.5,84.62999725341797,84.6500015258789,1138600.0,83.43769836425781
2019-10-31,84.29000091552734,83.29000091552734,84.0,83.63999938964844,1174400.0,83.05044555664062
2019-11-01,84.54000091552734,83.47000122070312,84.16000366210938,83.88999938964844,983500.0,83.2986831665039
2019-11-04,84.4800033569336,83.23999786376953,84.37999725341797,83.45999908447266,981100.0,82.87171936035156
2019-11-05,83.97000122070312,81.88999938964844,83.37999725341797,82.58999633789062,1735000.0,82.00785064697266
2019-11-06,83.2300033569336,82.0999984741211,82.86000061035156,82.66000366210938,1478200.0,82.07736206054688
2019-11-07,83.44999694824219,82.54000091552734,83.19999694824219,82.87999725341797,1381000.0,82.29580688476562
2019-11-08,83.27999877929688,82.41999816894531,82.98999786376953,83.25,1718500.0,82.66320037841797
2019-11-11,83.4800033569336,82.55999755859375,82.97000122070312,82.83000183105469,1014900.0,82.24616241455078
2019-11-12,83.29000091552734,82.63999938964844,82.80000305175781,83.04000091552734,1194800.0,82.45468139648438
2019-11-13,83.68000030517578,82.79000091552734,82.86000061035156,83.52999877929688,1815100.0,82.94122314453125
2019-11-14,84.52999877929688,83.20999908447266,83.2699966430664,84.47000122070312,1077400.0,83.87460327148438
2019-11-15,84.83000183105469,84.13999938964844,84.80999755859375,84.69999694824219,1319100.0,84.10297393798828
2019-11-18,85.33999633789062,84.55999755859375,84.69999694824219,85.05999755859375,1172100.0,84.46044158935547
2019-11-19,86.12999725341797,85.01000213623047,85.38999938964844,85.79000091552734,1062600.0,85.18529510498047
2019-11-20,86.06999969482422,85.27999877929688,85.55000305175781,85.75,1151800.0,85.14557647705078
2019-11-21,85.9800033569336,84.58999633789062,85.9800033569336,84.95999908447266,1130100.0,84.36114501953125
2019-11-22,85.47000122070312,84.20999908447266,85.04000091552734,84.63999938964844,1024800.0,84.04340362548828
2019-11-25,85.30000305175781,84.48999786376953,84.97000122070312,84.86000061035156,1028800.0,84.26184844970703
2019-11-26,86.16000366210938,85.0,85.04000091552734,86.12000274658203,3269700.0,85.51296997070312
2019-11-27,86.48999786376953,85.73999786376953,86.43000030517578,86.48999786376953,1249900.0,85.88035583496094
2019-11-29,86.7699966430664,85.93000030517578,86.44999694824219,86.12000274658203,578600.0,85.51296997070312
2019-12-02,86.0199966430664,84.30999755859375,86.0199966430664,84.69999694824219,1282100.0,84.10297393798828
2019-12-03,84.51000213623047,83.75,84.20999908447266,84.4800033569336,1273200.0,83.88452911376953
2019-12-04,85.08000183105469,84.13999938964844,84.44000244140625,84.55999755859375,1122400.0,83.96395874023438
2019-12-05,84.79000091552734,84.18000030517578,84.62000274658203,84.41999816894531,1173400.0,83.824951171875
2019-12-06,85.4000015258789,84.76000213623047,84.98999786376953,85.12999725341797,942500.0,84.52994537353516
2019-12-09,85.22000122070312,84.43000030517578,85.22000122070312,84.69000244140625,1011800.0,84.09304809570312
2019-12-10,84.94000244140625,84.30000305175781,84.55999755859375,84.51000213623047,916700.0,83.91432189941406
2019-12-11,84.77999877929688,83.61000061035156,84.56999969482422,84.2699966430664,1315000.0,83.6760025024414
2019-12-12,85.08000183105469,83.75,84.1500015258789,84.73999786376953,1844400.0,84.14269256591797
2019-12-13,85.2300033569336,84.08000183105469,84.66999816894531,85.08000183105469,1255600.0,84.48030090332031
2019-12-16,85.86000061035156,84.87999725341797,85.43000030517578,84.91000366210938,1991000.0,84.3115005493164
2019-12-17,85.68000030517578,84.81999969482422,85.37999725341797,85.20999908447266,2185500.0,84.60938262939453
2019-12-18,87.83999633789062,83.70999908447266,87.12000274658203,84.7699966430664,3043500.0,84.17247772216797
2019-12-19,85.2699966430664,83.93000030517578,84.95999908447266,85.0,2192900.0,84.40086364746094
2019-12-20,85.94000244140625,84.7699966430664,85.54000091552734,85.52999877929688,3738800.0,84.9271240234375
2019-12-23,85.83000183105469,84.7300033569336,85.58999633789062,84.91000366210938,1998700.0,84.3115005493164
2019-12-24,85.05999755859375,84.56999969482422,84.93000030517578,84.6500015258789,422500.0,84.05332946777344
2019-12-26,85.04000091552734,84.41999816894531,84.61000061035156,84.70999908447266,821000.0,84.11290740966797
2019-12-27,85.18000030517578,84.41999816894531,84.87000274658203,85.12000274658203,958300.0,84.52001953125
2019-12-30,85.06999969482422,84.30999755859375,85.05000305175781,84.88999938964844,970900.0,84.29164123535156
2019-12-31,85.19000244140625,84.38999938964844,84.5,85.05999755859375,1034200.0,84.46044158935547
2020-01-02,85.62999725341797,84.70999908447266,85.5,85.11000061035156,1307000.0,84.51008605957031
2020-01-03,85.04000091552734,84.4000015258789,84.70999908447266,84.81999969482422,964700.0,84.22212982177734
2020-01-06,84.8499984741211,84.37000274658203,84.4800033569336,84.80999755859375,1196700.0,84.21220397949219
2020-01-07,84.62000274658203,84.11000061035156,84.48999786376953,84.33999633789062,1361200.0,83.74551391601562
2020-01-08,85.48999786376953,84.27999877929688,84.43000030517578,85.16999816894531,1500500.0,84.56966400146484
2020-01-09,86.19999694824219,85.19999694824219,85.38999938964844,85.75,1245600.0,85.14557647705078
2020-01-10,86.30000305175781,85.16999816894531,86.19000244140625,85.2699966430664,1048500.0,84.66896057128906
2020-01-13,86.37000274658203,85.51000213623047,85.61000061035156,86.26000213623047,1183200.0,85.65198516845703
2020-01-14,87.45999908447266,86.20999908447266,86.72000122070312,86.62000274658203,1518400.0,86.00944519042969
2020-01-15,87.83000183105469,86.79000091552734,86.79000091552734,87.37000274658203,2091000.0,86.75415802001953
2020-01-16,88.2300033569336,87.41000366210938,88.08999633789062,87.97000122070312,1478200.0,87.34992980957031
2020-01-17,88.27999877929688,87.87999725341797,88.19999694824219,88.23999786376953,1585600.0,87.61802673339844
2020-01-21,88.91999816894531,87.9800033569336,88.01000213623047,88.6500015258789,1796400.0,88.02513885498047
2020-01-22,89.94999694824219,88.94000244140625,89.20999908447266,89.66000366210938,1381400.0,89.02802276611328
2020-01-23,89.77999877929688,89.06999969482422,89.68000030517578,89.6500015258789,1259300.0,89.0180892944336
2020-01-24,89.95999908447266,88.5199966430664,89.94999694824219,88.91000366210938,1005100.0,88.28330993652344
2020-01-27,88.56999969482422,87.58999633789062,88.0199966430664,87.70999908447266,1512400.0,87.09175872802734
2020-01-28,89.05999755859375,87.7699966430664,87.7699966430664,88.66000366210938,1057300.0,88.03507232666016
2020-01-29,88.95999908447266,87.30999755859375,88.95999908447266,87.4000015258789,1416300.0,86.78395080566406
2020-01-30,88.04000091552734,86.37999725341797,86.72000122070312,87.95999908447266,1368600.0,87.33999633789062
2020-01-31,87.30999755859375,85.4000015258789,87.19000244140625,85.7699966430664,1718400.0,85.7699966430664
2020-02-03,87.41999816894531,86.41999816894531,86.44999694824219,86.55999755859375,1406000.0,86.55999755859375
2020-02-04,88.8499984741211,87.26000213623047,87.52999877929688,88.27999877929688,1239000.0,88.27999877929688
2020-02-05,88.91999816894531,87.77999877929688,88.81999969482422,88.02999877929688,1570600.0,88.02999877929688
2020-02-06,88.86000061035156,88.01000213623047,88.5999984741211,88.44999694824219,855000.0,88.44999694824219
2020-02-07,88.29000091552734,87.51000213623047,87.98999786376953,87.9800033569336,886700.0,87.9800033569336
2020-02-10,88.58999633789062,87.83999633789062,87.8499984741211,88.48999786376953,855000.0,88.48999786376953
2020-02-11,88.75,87.70999908447266,88.75,87.80000305175781,847300.0,87.80000305175781
2020-02-12,88.37999725341797,87.33000183105469,88.23999786376953,87.97000122070312,1019800.0,87.97000122070312
2020-02-13,88.87999725341797,87.5999984741211,87.69999694824219,88.5999984741211,782700.0,88.5999984741211
2020-02-14,89.22000122070312,88.4000015258789,88.51000213623047,89.20999908447266,949100.0,89.20999908447266
2020-02-18,89.69999694824219,89.08000183105469,89.3499984741211,89.36000061035156,1117700.0,89.36000061035156
2020-02-19,90.3499984741211,89.5,89.72000122070312,90.11000061035156,1417300.0,90.11000061035156
2020-02-20,90.54000091552734,89.05000305175781,90.29000091552734,90.2300033569336,2253500.0,90.2300033569336
2020-02-21,90.04000091552734,88.72000122070312,89.94999694824219,89.05000305175781,1838100.0,89.05000305175781
2020-02-24,88.69999694824219,86.52999877929688,87.1500015258789,87.20999908447266,1768200.0,87.20999908447266
2020-02-25,87.86000061035156,83.47000122070312,87.5,83.61000061035156,2164100.0,83.61000061035156
2020-02-26,85.31999969482422,82.2300033569336,84.55999755859375,82.27999877929688,2276300.0,82.27999877929688
2020-02-27,82.56999969482422,78.87000274658203,81.0999984741211,78.9000015258789,2689700.0,78.9000015258789
2020-02-28,78.12000274658203,75.3499984741211,76.70999908447266,77.4800033569336,4052700.0,77.4800033569336
2020-03-02,82.2300033569336,76.87999725341797,77.61000061035156,82.08000183105469,3500900.0,82.08000183105469
2020-03-03,82.80000305175781,78.56999969482422,81.2699966430664,79.05999755859375,2944600.0,79.05999755859375
2020-03-04,82.62000274658203,79.69999694824219,80.54000091552734,82.37999725341797,1913100.0,82.37999725341797
2020-03-05,80.81999969482422,78.5199966430664,80.30999755859375,79.31999969482422,2360800.0,79.31999969482422
2020-03-06,77.91999816894531,75.22000122070312,76.44000244140625,77.5,2592000.0,77.5
2020-03-09,75.12999725341797,69.5199966430664,72.36000061035156,72.45999908447266,3281900.0,72.45999908447266
2020-03-10,76.72000122070312,72.38999938964844,74.70999908447266,76.70999908447266,2699300.0,76.70999908447266
2020-03-11,75.9800033569336,73.05000305175781,74.1500015258789,74.68000030517578,4562600.0,74.68000030517578
2020-03-12,71.58000183105469,64.61000061035156,69.66000366210938,66.45999908447266,5742900.0,66.45999908447266
2020-03-13,71.55999755859375,65.11000061035156,69.7300033569336,71.55999755859375,4951100.0,71.55999755859375
2020-03-16,64.43000030517578,57.619998931884766,63.61000061035156,57.619998931884766,5565300.0,57.619998931884766
2020-03-17,61.27000045776367,54.47999954223633,58.470001220703125,60.790000915527344,7262400.0,60.790000915527344
2020-03-18,63.880001068115234,47.869998931884766,55.93000030517578,63.29999923706055,5556900.0,63.29999923706055
2020-03-19,62.5,54.470001220703125,62.15999984741211,58.029998779296875,5592500.0,58.029998779296875
2020-03-20,58.43000030517578,51.369998931884766,58.279998779296875,51.970001220703125,5751200.0,51.970001220703125
2020-03-23,52.5,48.5,51.689998626708984,50.38999938964844,5166400.0,50.38999938964844
2020-03-24,61.869998931884766,52.7599983215332,52.779998779296875,59.560001373291016,4925300.0,59.560001373291016
2020-03-25,65.66999816894531,54.34000015258789,59.0,60.08000183105469,5912500.0,60.08000183105469
2020-03-26,66.13999938964844,60.02000045776367,60.16999816894531,65.66000366210938,3445300.0,65.66000366210938
2020-03-27,63.9900016784668,59.68000030517578,62.54999923706055,60.16999816894531,4112200.0,60.16999816894531
